16.04399908	0.84
21.44392395	1
24.6265564	1
31.5280304	1
22.4526062	1
28.40652466	1
30.61065674	1
30.02624512	1
31.7615509	1
33.64906311	1
29.83818054	1
25.93193854	1.001
29.64886578	0.999
31.42433167	1
35.24117179	1.001
41.61380313	0.999
43.76841115	1.001
41.60349314	0.999
36.7980957	1
33.91427612	1
40.24343872	1
36.27813721	1
40.62974548	1
37.07750075	1.001
23.91918285	0.999
30.40515698	1.001
32.07321167	1
41.44617029	0.999
40.9644928	1
17.39350891	1
24.10125732	1
30.95054626	1
26.57318115	1
18.67599487	1
28.18861389	1
16.58083128	1.001
15.39234924	1
23.42430321	0.999
21.85627747	1
18.65235901	1
18.92053223	1
29.51567078	1
27.13258362	1
16.1029004	1.001
18.96007641	0.999
25.27542114	1
33.26560829	1.001
11.76370157	0.999
15.33622742	1
11.06185913	1
7.570266724	1
26.53198242	1
20.48512268	1
25.0735321	1
23.22473145	1
20.72457572	1.001
43.04293612	0.999
36.90648341	1.001
31.21871872	0.999
29.95042419	1
24.26745605	1
36.36747742	1
44.60843722	1.001
24.85297798	0.999
22.91090393	1
12.9364349	1.001
13.114151	1
17.0509491	1
12.90820239	0.999
23.67112732	1
23.89021301	1
46.10638428	1
37.99302673	1
6.903207266	1.001
27.875	1
54.49199199	0.999
46.50178528	1
44.45981265	1.001
22.42479907	0.999
41.53658841	1.001
49.75357056	1
36.10680077	0.999
32.05802917	1
25.96969604	1
42.25	1
38.87011121	1.001
40.05148031	0.999
40.828125	1
32.36631533	1.001
37.22472472	0.999
51.21875	1
49.73716736	1
42.3609746	1.001
27.48312378	1
34.69094094	0.999
49.08175659	1
34.08859253	1
38.12656155	1.001
26.26223941	0.999
36.40625	1
48.953125	1
41.86114502	1
38.95725856	1.001
33.69082584	0.999
28.40625	1
49.20458984	1
36.99688721	1
41.22253418	1
19.71932983	1
34.25	1
37.18548584	1
35.51102828	1.001
39.72377014	1
28.45918274	1
33.76814314	0.999
41.58459473	1
28.68708745	1.001
27.99746463	0.999
26.34962463	1
36.30519104	1
31.87454224	1
19.69215393	1
37.69733379	1.001
31.04056205	0.999
31.9622345	1
28.29915446	1.001
28.4034034	0.999
46.92182817	1.001
35.34187569	0.999
29.09375	1
50.125	1
48.99787712	1.001
46.59346847	0.999
38.83575226	1.001
23.03125	1
49.61211211	0.999
50.78827727	1.001
29.81904602	1
22.48730053	0.999
22.72671509	1
21.55926514	1
16.11318979	1.001
10.12972812	0.999
12.09324646	1
8.636367905	1.001
7.519058228	1
13.33053024	0.999
23.64807129	1
27.33241272	1
33.41674805	1
32.1812439	1
25.0471344	1
22.6375885	1
19.94145381	1.001
24.389624	0.999
32.29879761	1
24.47213745	1
27.00956575	1.001
27.44338271	0.999
26.078125	1
46	1
42.515625	1
45.46875	1
38.27813721	1
17.71713257	1
35.44764562	1.001
26.49396222	0.999
27.49272156	1
20.08489557	1.001
16.55702333	0.999
28.33633423	1
20.4540863	1
17.35494995	1
21.23761249	1.001
28.58217104	0.999
17.16143799	1
20.0487074	1.001
18.2796169	0.999
27.94303894	1
24.17243706	1.001
14.03437434	0.999
33.71070862	1
17.74373088	1.001
15.14090384	0.999
22.41314898	1.001
22.07048662	0.999
11.25161155	1.001
28.04072571	1
26.01136293	0.999
24.9105835	1
23.60905086	1.001
15.97143103	0.999
19.67710024	1.001
22.42941183	0.999
20.96978339	1.001
18.86345269	0.999
20.13970947	1
22.82409668	1
17.3684082	1
20.0350647	1
26.26007111	1.001
30.50845951	0.999
29.75021362	1
36.3821969	1.001
29.10837779	0.999
38.97383118	1
29.23744202	1
40.07493591	1
34.83396912	1
21.11343384	1
45.296875	1
40.16462708	1
30.42137611	1.001
20.32079687	0.999
12.22911915	1.001
10.86083984	1
14.51570129	1
12.90240479	1
13.69131888	0.999
13.30986023	1
8.546051025	1
25.27412415	1
28.74455562	1.001
31.05937969	0.999
26.05957031	1
25.24775696	1
21.57190344	1.001
18.95473049	0.999
23.85720054	1.001
26.05086165	0.999
25.53036499	1
17.16003418	1
20.89178217	1.001
21.70015169	0.999
25.18896484	1
19.63130188	1
21.62742615	1
25.27723694	1
25.80070496	1
25.22959219	1.001
36.69697571	1
37.98216552	0.999
45.53125	1
43.640625	1
27.95147967	1.001
22.14714715	0.999
35.36029053	1
23.65921021	1
15.41792297	1
23.51417542	1
27.03758339	1.001
19.89092364	0.999
18.93730049	1.001
21.15127823	0.999
19.47789001	1
26.27380554	1.001
27.90366661	0.999
23.78503759	1.001
26.73516846	1
24.98729809	0.999
25.86351013	1
21.61296082	1
29.44520569	1
28.88476563	1
30.45001001	1.002
33.59844689	0.998
41.58155687	1.001
42.347229	1
43.61288779	0.999
31.51087804	1.001
26.34865135	1.001
51.6453954	0.999
44.98248248	0.999
44.75	1
43.4375	1
28.09375	1
39.546875	1
51.734375	1
46.39110889	1.001
41.69313049	1
22.8978979	0.999
42.97265235	1.001
48.34522022	0.999
46.94624329	1
36.71875	1
20.79170829	1.001
50.9375	1
50.19081582	0.999
45.375	1
40.99398804	1
24.28821179	1.001
49.73723724	0.999
49.85639361	1.001
45.33176976	0.999
45.52349854	1
20.9375	1
44.453125	1
45.171875	1
49.15625	1
43.67507493	1.001
20.8125	1
48.98648649	0.999
50.6875	1
45.109375	1
40.50386047	1
30.375	1
47.09375	1
50.29110718	1
31.16517639	1
26.48922729	1
26.78977966	1
29.78355408	1
31.20772965	1.001
34.60778894	0.999
29.72773743	1
20.56848145	1
14.07588993	1.001
24.40373723	0.999
29.78738403	1
31.78898621	1
28.52571106	1
45.27760315	1
33.86471558	1
36.4473114	1
31.78718254	1.001
25.41905212	1
43.60610611	0.999
33.71533203	1
44.87731934	1
36.5984266	1.001
26.0606842	1
45.67067067	0.999
51.765625	1
44.72508083	1.001
45.69775158	0.999
33.93032837	1
32.828125	1
54.625	1
47.13960266	1
40.50230408	1
31.44729614	1
34.59375	1
52.25	1
49.85360718	1
37.74403381	1
30.015625	1
38.765625	1
56.390625	1
43.93251038	1
47.50091553	1
35.93579102	1
30.5	1
54.328125	1
49.3583374	1
40.99533081	1
29.97184753	1
32.09290709	1.001
50.60478875	0.999
43.00756836	1
39.28199768	1
28.12854004	1
39.0625	1
55.84375	1
49.26694094	1.001
45.12689875	0.999
30.03569031	1
29.125	1
57.109375	1
45.31767273	1
45.59535217	1
26.83927917	1
36.40625	1
54.546875	1
43.3228302	1
46.68168136	1.001
29.28085327	1
33.78378378	0.999
55.09375	1
48.22494507	1
44.01779175	1
38.47062683	1
28.4375	1
54	1
50.53834534	1
44.27775574	1
35.62368774	1
26.15625	1
54.265625	1
39.13638306	1
37.93995006	1.001
20.07251697	0.999
35.796875	1
44.97216346	1.001
27.68605703	0.999
27.67182922	1
19.91349792	1
27.6918335	1
23.28034973	1
20.496521	1
25.41961822	1.001
23.6995697	1
21.05408937	0.999
19.53257751	1
20.18737793	1
17.60217285	1
18.59092712	1
19.18830872	1
20.81565857	1
17.99354553	1
16.62367249	1
10.03323364	1
13.58395386	1
10.85586548	1
9.55847168	1
1.678482056	1
10.47547913	1
15.80931091	1
15.74821472	1
20.97120667	1
19.44474792	1
13.69857788	1
11.4238941	1.001
8.000554265	0.999
7.516098022	1
5.93697989	1.001
11.00077739	0.999
11.23147583	1
10.83258172	1.001
6.966866769	0.999
7.60118103	1
10.86559924	1.001
12.42140198	1
11.19666725	0.999
7.189178467	1
10.97944641	1
11.15455627	1
11.08247375	1
13.55438232	1
10.65519714	1
9.326187134	1
9.980377197	1
16.31469727	1
11.68005371	1
11.90632629	1
11.69894863	1.001
8.637253587	0.999
17.22358704	1
18.36965942	1
16.43778992	1
15.27227783	1
5.440421395	1.001
12.26426316	0.999
18.76034546	1
19.62657166	1
18.76218264	1.001
25.73905693	0.999
34.20691247	1.001
37.30156854	0.999
34.70587945	1.001
34.95051575	1
22.91810548	0.999
20.82351685	1
27.74075317	1
38.53770447	1
39.54512024	1
42.77944946	1
30.375	1
45.34375	1
50.67396593	1.001
43.67441172	0.999
39.77735901	1
29.15878296	1
36.44792707	1.001
55.84412843	0.999
48.62461853	1
44.6450827	1.001
26.76113614	0.999
37.71875	1
52.5625	1
43.03688865	1.001
34.1328114	0.999
26.18518066	1
38.625	1
40.50764465	1
34.88769531	1
37.2686615	1
32.12315369	1
37.0917511	1
28.18482787	1.001
26.21177673	1
28.28384399	1
28.3289118	0.999
43.99664307	1
42.78111267	1
44.48112488	1
32.37014771	1
24.63571167	1
36.91372681	1
33.68147278	1
36.1119136	1.001
47.22590633	0.999
34.48326111	1
33.09375	1
49.80580139	1
38.80396947	1.001
37.91747986	0.999
34.1865471	1.001
33.0625	1
37.57385926	0.999
27.99336243	1
25.89990234	1
25.00630473	1.001
38.15673828	1
35.03526415	0.999
28.78585815	1
32.97958374	1
28.02809143	1
38.1988678	1
21.52774048	1
19.66067505	1
14.38867188	1
11.45324707	1
10.10418415	1.001
9.094970703	1
12.23759465	0.999
24.19406128	1
25.20323181	1
9.650802612	1
25.11097717	1
38.39569092	1
43.35928964	1.001
