0.0	1.29020608649
0.5	1.29020608649
1.0	1.29020608649
1.5	1.29020608649
2	1.32390641509
2.5	1.32390641509
3	1.23267967853
3.5	1.23267967853
4	1.78539585605
4.5	1.78539585605
5	2.2645232358
5.5	2.2645232358
6	1.81486836935
6.5	1.63522869955
7.0	1.63522869955
7.5	1.5642756827
8.0	1.5642756827
8.5	1.66800430571
9.0	1.66800430571
9.5	1.51954420432
10.0	1.51954420432
10.5	1.70786455982
11.0	1.70786455982
11.5	1.79667349927
12.0	1.79667349927
12.5	1.53254456415
13.0	1.53254456415
13.5	1.68139501779
14.0	1.68139501779
14.5	1.70087305122
15	1.80793002915
15.5	1.80793002915
16	2.02907103825
16.5	2.02907103825
17	1.63312019827
17.5	1.63312019827
18	1.79891729323
18.5	2.12309677419
19.0	2.12309677419
19.5	1.88318483412
20	1.80839215686
20.5	2.48813445378
21	2.48858803419
21.5	2.48858803419
22	1.85197693195
22.5	1.85197693195
23	1.93374693878
23.5	1.93374693878
24	1.94302197802
24.5	1.94647111111
25.0	1.94647111111
25.5	1.97531956258
26	2.04244876783
26.5	2.04244876783
27	2.30337254902
27.5	2.31094857143
28.0	2.31094857143
28.5	1.92634300792
29	1.70250246305
29.5	1.70250246305
30.0	1.70250246305
30.5	1.67617046581
31	1.87917920657
31.5	1.87917920657
32	1.92525070423
32.5	1.91692225201
33.0	1.91692225201
33.5	1.89176280323
34.0	1.89176280323
34.5	2.09058356941
35	2.16297022767
35.5	2.16297022767
36	2.3716091954
36.5	1.76753768844
37.0	1.76753768844
37.5	1.76753768844
38	1.46909763618
38.5	1.46909763618
39	1.35334892788
39.5	1.35334892788
40	1.44465970772
40.5	1.44465970772
41	1.6547860262
41.5	1.6547860262
42	1.38605416249
42.5	1.38605416249
43	1.27734637965
43.5	1.27734637965
44	1.47571602434
44.5	1.47571602434
45.0	1.47571602434
45.5	1.41694386299
46.0	1.41694386299
46.5	1.36474350987
47.0	1.36474350987
47.5	1.39292307692
48.0	1.39292307692
48.5	1.39292307692
49	0.974023926812
49.5	0.974023926812
50.0	0.974023926812
50.5	0.974023926812
51	0.759289719626
51.5	2.80251388889
52	2.99122198732
52.5	1.9762018018
53	1.86171428571
53.5	1.86171428571
54	1.97440674394
54.5	1.97440674394
55	1.99415028902
55.5	1.9591500664
56	1.97405577689
56.5	1.98933333333
57	2.00812307692
57.5	2.00812307692
58.0	2.00812307692
58.5	2.00812307692
59	2.00182608696
59.5	2.11601447527
60	2.34937417943
60.5	2.34937417943
61	2.04651
61.5	2.04651
62	1.32362977867
62.5	1.32362977867
63	2.29222828784
63.5	2.0221219963
64.0	2.0221219963
64.5	1.87080559876
65.0	1.87080559876
65.5	2.19176237624
66	2.06804278075
66.5	2.06804278075
67	1.75949767442
67.5	1.75949767442
68	1.80195007342
68.5	2.06428496042
69.0	2.06428496042
69.5	2.39833502538
70.0	1.96827835052
70.5	1.96827835052
71	1.984384
71.5	2.39561290323
72.0	2.39561290323
72.5	2.03070570108
73.0	2.03070570108
73.5	1.70693935791
74	2.106112
74.5	2.106112
75	2.01445880862
75.5	1.8707505071
76	1.81370903522
76.5	1.81370903522
77	1.80623325062
77.5	1.80623325062
78	1.95574177832
78.5	2.08708370044
79.0	2.08708370044
79.5	2.14972644377
80	1.66523193916
80.5	1.66523193916
81	1.63550100604
81.5	1.63550100604
82.0	1.63550100604
82.5	1.61842548818
83	1.64820408163
83.5	1.64820408163
84	1.72581507824
84.5	1.72581507824
85	1.89140932642
85.5	2.1399876161
86.0	2.1399876161
86.5	1.62620769231
87.0	1.62620769231
87.5	1.61230046948
88.0	1.61230046948
88.5	1.76150515464
89.0	1.76150515464
89.5	1.99724022346
90.0	1.99724022346
90.5	1.51422653722
91.0	1.51422653722
91.5	1.63269026549
92	1.61445228758
92.5	1.61445228758
93.0	1.61445228758
93.5	1.54699156514
94	1.76531994981
94.5	1.76531994981
95	1.5708043956
95.5	1.5708043956
96.0	1.5708043956
96.5	1.46007991588
97.0	1.46007991588
97.5	1.34367378641
98.0	1.34367378641
98.5	1.32036933798
99.0	1.32036933798
99.5	1.32036933798
100	0.998479768786
100.5	0.998479768786
101.0	0.998479768786
101.5	0.998479768786
102.0	0.998479768786
102.5	0.568822657952
103.0	0.568822657952
103.5	1.41130552861
104.0	1.41130552861
104.5	1.83852839506
105.0	1.83852839506
105.5	1.27720894072
106.0	1.27720894072
106.5	1.27720894072
107	1.1812944206
107.5	1.1812944206
108	1.21624604569
108.5	1.21624604569
109.0	1.21624604569
109.5	1.25959689922
110.0	1.25959689922
110.5	1.25959689922
111	1.08703569024
111.5	1.08703569024
112.0	1.08703569024
112.5	1.01787625899
113.0	1.01787625899
113.5	1.08916782522
114	0.863863636364
114.5	0.863863636364
115.0	0.863863636364
115.5	0.863863636364
116.0	0.863863636364
116.5	0.837226094727
117.0	0.837226094727
117.5	0.837226094727
118.0	0.837226094727
118.5	0.837226094727
119	0.58324260355
119.5	0.58324260355
120.0	0.58324260355
120.5	0.58324260355
121	0.802196846112
121.5	1.16311737089
122	1.00623255814
122.5	1.00623255814
123	0.70632034632
123.5	0.70632034632
124.0	0.70632034632
124.5	0.70632034632
125.0	0.70632034632
125.5	0.70632034632
126.0	0.70632034632
126.5	0.70632034632
127	0.850442278091
127.5	0.850442278091
128.0	0.850442278091
128.5	1.13686066105
129.0	1.13686066105
129.5	1.22146075085
130.0	1.22146075085
130.5	1.22146075085
131	1.05762790698
131.5	1.05762790698
132.0	1.05762790698
132.5	1.05762790698
133.0	1.05762790698
133.5	0.580365240406
134.0	0.580365240406
134.5	0.580365240406
135.0	0.580365240406
135.5	0.580365240406
136.0	0.580365240406
136.5	0.580365240406
137.0	0.580365240406
137.5	0.580365240406
138	0.424525735294
138.5	0.424525735294
139	1.06107468477
139.5	1.06107468477
140.0	1.06107468477
140.5	1.06107468477
141.0	1.06107468477
141.5	0.539913824057
142.0	0.539913824057
142.5	0.539913824057
143.0	0.539913824057
143.5	0.539913824057
144.0	0.539913824057
144.5	0.539913824057
145.0	0.539913824057
145.5	0.539913824057
146	0.358200647249
146.5	0.358200647249
147.0	0.358200647249
147.5	0.358200647249
148.0	0.358200647249
148.5	0.358200647249
149.0	0.358200647249
149.5	0.437842060572
150.0	0.437842060572
150.5	0.437842060572
151.0	0.437842060572
151.5	0.437842060572
152.0	0.437842060572
152.5	0.437842060572
153.0	0.437842060572
153.5	0.374268612417
154.0	0.374268612417
154.5	0.374268612417
155.0	0.374268612417
155.5	0.374268612417
156	0.491834869739
156.5	0.491834869739
157.0	0.491834869739
157.5	0.491834869739
158.0	0.491834869739
158.5	0.491834869739
159	0.630938709677
159.5	0.630938709677
160.0	0.630938709677
160.5	0.630938709677
161.0	0.630938709677
161.5	0.630938709677
162	0.418734416544
162.5	0.418734416544
163.0	0.418734416544
163.5	0.418734416544
164.0	0.418734416544
164.5	0.418734416544
165.0	0.418734416544
165.5	0.418734416544
166.0	0.418734416544
166.5	0.359723033443
167.0	0.359723033443
167.5	0.359723033443
168.0	0.359723033443
168.5	0.61398019802
169.0	0.61398019802
169.5	0.61398019802
170.0	0.61398019802
170.5	0.61398019802
171	0.711000478698
171.5	0.711000478698
172.0	0.711000478698
172.5	0.825252348153
173.0	0.825252348153
173.5	1.52392356688
174.0	1.52392356688
174.5	1.73771617162
175.0	1.73771617162
175.5	1.67482402529
176	1.61520140105
176.5	1.61520140105
177.0	1.61520140105
177.5	0.88848612153
178.0	0.88848612153
178.5	0.88848612153
179.0	0.88848612153
179.5	0.88848612153
180	0.623746358183
180.5	0.623746358183
181.0	0.623746358183
181.5	0.623746358183
182.0	0.623746358183
182.5	0.623746358183
183.0	0.623746358183
183.5	0.448634814194
184.0	0.448634814194
184.5	0.448634814194
185.0	0.448634814194
185.5	0.864540145985
186.0	0.864540145985
186.5	0.864540145985
187.0	0.864540145985
187.5	0.864540145985
188	0.518519061584
188.5	0.518519061584
189.0	0.518519061584
189.5	0.655622754491
190.0	0.655622754491
190.5	0.655622754491
191.0	0.655622754491
191.5	0.655622754491
192.0	0.655622754491
192.5	0.576280751507
193.0	0.576280751507
193.5	0.576280751507
194.0	0.576280751507
194.5	0.576280751507
195.0	0.576280751507
195.5	0.576280751507
196	0.474458571859
196.5	0.474458571859
197.0	0.474458571859
197.5	0.884457221081
198.0	0.884457221081
198.5	0.884457221081
199.0	0.884457221081
199.5	0.753102420857
200.0	0.753102420857
200.5	0.753102420857
201	0.803172717272
201.5	0.803172717272
202.0	0.803172717272
202.5	1.06751505792
203.0	1.06751505792
203.5	1.06751505792
204.0	1.06751505792
204.5	1.06751505792
205.0	1.06751505792
205.5	0.636768072289
206.0	0.636768072289
206.5	0.636768072289
207	1.05101759755
207.5	1.05101759755
208.0	1.05101759755
208.5	0.826437726723
209.0	0.826437726723
209.5	0.826437726723
210.0	0.826437726723
210.5	0.826437726723
211.0	0.826437726723
211.5	0.826437726723
212	0.413780092593
212.5	0.413780092593
213.0	0.413780092593
213.5	1.27492098093
214	1.86357575758
214.5	1.86357575758
215	1.77450574713
215.5	1.77450574713
216	1.64406374502
216.5	1.64406374502
217	1.84157068063
217.5	1.84157068063
218	1.65061431871
218.5	1.65061431871
219	1.68716403402
219.5	1.75855654384
220.0	1.75855654384
220.5	1.75855654384
221	1.54043089431
221.5	1.54043089431
222	1.439475
222.5	1.61966253102
223.0	1.61966253102
223.5	1.58502832244
224.0	1.58502832244
224.5	1.58502832244
225	1.44443064985
225.5	1.44443064985
226	1.40561283422
226.5	1.40561283422
227	1.27191127542
227.5	1.27191127542
228	1.6797184466
228.5	1.6797184466
229	1.62285143571
229.5	1.62285143571
230	1.35423489933
230.5	1.35423489933
231.0	1.35423489933
231.5	1.21969655172
232	1.49630559345
232.5	1.92455696203
233.0	1.92455696203
233.5	1.92455696203
234	1.61248881239
234.5	1.61248881239
235	1.37857342657
235.5	1.37857342657
236.0	2.10845957447
236.5	2.07271856287
237	2.07847133758
237.5	2.07847133758
238.0	2.07847133758
238.5	2.07847133758
239.0	2.07847133758
239.5	2.07847133758
240	0.889223175966
240.5	0.889223175966
241	1.74025396825
241.5	1.74025396825
242	1.19694983278
242.5	1.19694983278
243.0	1.19694983278
243.5	1.23656193353
244.0	1.23656193353
244.5	1.32229949749
245.0	1.32229949749
245.5	1.32229949749
246	1.48754911433
246.5	1.48754911433
247	1.70665834633
247.5	1.76382404692
248.0	1.76382404692
248.5	1.80393015134
249.0	1.80393015134
249.5	1.75385034014
250.0	1.75385034014
250.5	1.44111238095
251.0	1.44111238095
251.5	1.70671488178
252.0	1.70671488178
252.5	1.63332776618
253.0	1.63332776618
253.5	1.80792857143
254	2.30374660633
254.5	2.30374660633
255	1.90513056836
255.5	1.8496637609
256.0	1.8496637609
256.5	2.21873400673
257	1.99935376045
257.5	1.99935376045
258	1.8605229682
258.5	1.8605229682
259	1.97933748443
259.5	2.02698901099
260	2.54699354839
260.5	2.55407719298
261.0	2.55407719298
261.5	1.61861290323
262.0	1.61861290323
262.5	1.97129542302
263.0	1.97129542302
263.5	1.82754521964
264	1.54754770318
264.5	1.54754770318
265	1.83486230248
265.5	1.83486230248
266	1.6878113612
266.5	1.6878113612
267	1.54568421053
267.5	1.99876112026
268.0	1.99876112026
268.5	1.76990060606
269.0	1.76990060606
269.5	1.74549494949
270.0	1.74549494949
270.5	2.11407
271	1.65304452467
271.5	1.65304452467
272	1.81290185676
272.5	1.81290185676
273	2.08154876274
273.5	1.74588059701
274.0	1.74588059701
274.5	1.9218125
275.0	1.9218125
275.5	2.07921885522
276.0	2.07921885522
276.5	1.56458767773
277.0	1.91945429741
277.5	1.91945429741
278	1.95277595628
278.5	1.95277595628
279	1.67697584541
279.5	2.14571162791
280.0	2.14571162791
280.5	2.22255718475
281	2.37847848537
281.5	2.37847848537
282	2.21262372881
282.5	1.94007466667
283.0	1.94007466667
283.5	2.28406134969
284	2.34268805704
284.5	2.34268805704
285	2.04792857143
285.5	1.98293409742
286.0	1.98293409742
286.5	1.92293491124
287.0	1.92293491124
287.5	1.94722316043
288	2.17668923077
288.5	2.59288888889
289	2.12148837209
289.5	2.12148837209
290	1.91000203874
290.5	1.91000203874
291	1.83017506631
291.5	2.00440217391
292	2.60258646617
292.5	2.64226720648
293.0	2.64226720648
293.5	2.64226720648
294.0	2.64226720648
294.5	1.79384415584
295.0	1.79384415584
295.5	1.95778571429
296	2.20918518519
296.5	2.20918518519
297	1.86682782212
297.5	1.86682782212
