0.0	0.75992327044
0.5	0.75992327044
1.0	0.75992327044
1.5	0.75992327044
2.0	0.75992327044
2.5	0.75992327044
3.0	0.75992327044
3.5	0.745823129252
4.0	0.745823129252
4.5	0.745823129252
5	0.902997476871
5.5	0.902997476871
6.0	0.902997476871
6.5	0.924453980802
7.0	0.924453980802
7.5	0.924453980802
8	0.992223227753
8.5	0.992223227753
9.0	0.992223227753
9.5	1.27592265193
10.0	1.27592265193
10.5	1.28550881316
11.0	1.28550881316
11.5	1.37634782609
12.0	1.37634782609
12.5	1.7065814978
13.0	1.7065814978
13.5	1.7065814978
14	1.16395485327
14.5	1.16395485327
15	1.50713944223
15.5	1.50713944223
16	1.50752825553
16.5	1.50752825553
17	1.4083960396
17.5	1.4083960396
18.0	1.4083960396
18.5	1.23360835509
19.0	1.23360835509
19.5	1.23360835509
20	0.975340996169
20.5	0.975340996169
21	1.41741714286
21.5	1.41741714286
22	1.53279669763
22.5	1.53279669763
23	1.80538082192
23.5	1.80538082192
24	1.95045652174
24.5	1.76391289782
25.0	1.76391289782
25.5	1.79594124294
26	1.50208469055
26.5	1.50208469055
27	1.41330787589
27.5	1.41330787589
28	1.46904540868
28.5	1.46904540868
29.0	1.46904540868
29.5	1.46904540868
30.0	1.46904540868
30.5	0.80767806841
31.0	0.80767806841
31.5	1.1209022082
32.0	1.1209022082
32.5	1.1209022082
33	1.11291896145
33.5	1.11291896145
34	1.09489
34.5	1.09489
35.0	1.09489
35.5	1.22508515448
36.0	1.22508515448
36.5	1.22508515448
37	1.14525672727
37.5	1.14525672727
38	1.31991011236
38.5	1.31991011236
39	1.37090169492
39.5	1.37090169492
40	1.13808885425
40.5	1.13808885425
41.0	1.13808885425
41.5	1.13808885425
42	0.729130801688
42.5	0.729130801688
43.0	0.729130801688
43.5	1.50467615658
44.0	1.50467615658
44.5	1.27192592593
45.0	1.27192592593
45.5	1.27192592593
46.0	1.27192592593
46.5	0.816563918757
47.0	0.816563918757
47.5	0.816563918757
48.0	0.816563918757
48.5	0.796670752089
49.0	0.796670752089
49.5	1.13566990291
50.0	1.13566990291
50.5	1.13566990291
51	1.17605737052
51.5	1.17605737052
52	1.18413806328
52.5	1.18413806328
53.0	1.18413806328
53.5	1.24670694864
54.0	1.24670694864
54.5	1.35938164251
55.0	1.35938164251
55.5	1.67380796253
56.0	1.67380796253
56.5	1.39973387097
57.0	1.39973387097
57.5	1.39973387097
58	1.00947045952
58.5	1.00947045952
59.0	1.00947045952
59.5	1.22339305892
60.0	1.22339305892
60.5	1.22339305892
61	1.0398013544
61.5	1.0398013544
62	1.13320138889
62.5	1.13320138889
63.0	1.13320138889
63.5	1.2741295972
64.0	1.2741295972
64.5	1.31439364519
65.0	1.31439364519
65.5	1.79542076503
66.0	1.79542076503
66.5	1.35054759568
67.0	1.35054759568
67.5	1.41667144319
68.0	1.41667144319
68.5	1.41667144319
69	0.991536231884
69.5	0.991536231884
70.0	0.991536231884
70.5	0.991536231884
71	0.942901869159
71.5	0.942901869159
72.0	0.942901869159
72.5	0.925947643979
73.0	0.925947643979
73.5	0.963789103691
74.0	0.963789103691
74.5	0.774397283531
75.0	0.774397283531
75.5	0.774397283531
76.0	0.774397283531
76.5	0.774397283531
77	0.772028018129
77.5	0.772028018129
78.0	0.772028018129
78.5	0.887428938907
79.0	0.887428938907
79.5	0.887428938907
80.0	0.887428938907
80.5	0.887428938907
81.0	0.887428938907
81.5	0.887428938907
82	1.63527392739
82.5	1.60997209302
83	1.52843091335
83.5	1.52843091335
84.0	1.52843091335
84.5	1.52843091335
85.0	1.52843091335
85.5	1.49460054103
86.0	1.49460054103
86.5	1.52272222222
87.0	1.52272222222
87.5	1.36946938776
88.0	1.36946938776
88.5	1.36946938776
89	1.37234534786
89.5	1.7288935611
90.0	1.7288935611
90.5	1.7288935611
91	1.32534863702
91.5	1.32534863702
92	1.47833513514
92.5	1.47833513514
93	1.59539522546
93.5	1.59539522546
94	1.6879912854
94.5	1.6879912854
95	1.46764326376
95.5	1.46764326376
96	1.5207718593
96.5	1.5207718593
97	1.41537254902
97.5	1.41537254902
98.0	1.41537254902
98.5	1.36538219895
99.0	1.36538219895
99.5	1.40199406528
100.0	1.40199406528
100.5	1.29329720576
101.0	1.29329720576
101.5	1.29329720576
102	1.15371162791
102.5	1.15371162791
103	1.1816070008
103.5	1.1816070008
104.0	1.1816070008
104.5	0.996166288738
105.0	0.996166288738
105.5	0.996166288738
106.0	0.996166288738
106.5	0.892746268657
107.0	0.892746268657
107.5	1.05095409182
108.0	1.05095409182
108.5	1.05095409182
109.0	1.05095409182
109.5	1.05095409182
110	0.602962063733
110.5	0.602962063733
111.0	0.602962063733
111.5	0.602962063733
112	0.568606658446
112.5	0.568606658446
113.0	0.568606658446
113.5	0.568606658446
114.0	0.568606658446
114.5	0.480662337662
115.0	0.480662337662
115.5	0.480662337662
116	1.15449960349
116.5	1.15449960349
117.0	1.15449960349
117.5	1.11118615917
118.0	1.11118615917
118.5	1.11118615917
119.0	1.11118615917
119.5	1.11118615917
120	0.583697741273
120.5	0.583697741273
121.0	0.583697741273
121.5	0.583697741273
122.0	0.583697741273
122.5	0.583697741273
123.0	0.583697741273
123.5	0.408702687085
124.0	0.408702687085
124.5	0.976490523969
125.0	0.976490523969
125.5	0.976490523969
126	1.34132673267
126.5	1.34132673267
127.0	1.34132673267
127.5	0.97506377709
128.0	0.97506377709
128.5	0.97506377709
129	0.925638968481
129.5	0.925638968481
130.0	0.925638968481
130.5	0.991215686275
131.0	0.991215686275
131.5	0.991215686275
132	0.908064676617
132.5	0.908064676617
133.0	0.908064676617
133.5	0.950778541953
134.0	0.950778541953
134.5	0.950778541953
135.0	1.09821818182
135.5	1.09821818182
136.0	1.09821818182
136.5	1.09821818182
137	0.931308474576
137.5	0.931308474576
138.0	0.931308474576
138.5	0.950575799722
139.0	0.950575799722
139.5	0.950575799722
140	1.06957666417
140.5	1.06957666417
141.0	1.06957666417
141.5	0.849690072639
142.0	0.849690072639
142.5	0.849690072639
143.0	0.849690072639
143.5	0.843883361921
144.0	0.843883361921
144.5	0.843883361921
145.0	0.843883361921
145.5	0.63794214876
146.0	0.63794214876
146.5	0.63794214876
147.0	0.63794214876
147.5	0.63794214876
148.0	0.63794214876
148.5	0.63794214876
149.0	0.63794214876
149.5	0.63794214876
150	0.352474909246
150.5	0.352474909246
151.0	0.352474909246
151.5	0.352474909246
152.0	0.352474909246
152.5	0.352474909246
153.0	0.352474909246
153.5	0.433577812018
154.0	0.433577812018
154.5	0.433577812018
155.0	0.433577812018
155.5	0.433577812018
156	0.605691525424
156.5	0.605691525424
157.0	0.605691525424
157.5	0.605691525424
158.0	0.605691525424
158.5	0.605691525424
159.0	0.605691525424
159.5	0.605691525424
160.0	0.605691525424
160.5	0.305912315488
161.0	0.305912315488
161.5	0.305912315488
162.0	0.305912315488
162.5	0.305912315488
163.0	0.305912315488
163.5	0.484588235294
164.0	0.484588235294
164.5	0.484588235294
165.0	0.484588235294
165.5	0.484588235294
166.0	0.484588235294
166.5	0.484588235294
167	0.447265860136
167.5	0.447265860136
168.0	0.447265860136
168.5	0.447265860136
169.0	0.447265860136
169.5	0.447265860136
170.0	0.447265860136
170.5	0.447265860136
171.0	0.447265860136
171.5	0.321221757322
172.0	0.321221757322
172.5	0.321221757322
173.0	0.321221757322
173.5	0.321221757322
174.0	0.321221757322
174.5	0.321221757322
175.0	0.321221757322
175.5	0.321221757322
176	0.289648990459
176.5	0.289648990459
177.0	0.289648990459
177.5	0.289648990459
178.0	0.289648990459
178.5	0.289648990459
179.0	0.289648990459
179.5	0.289648990459
180.0	0.289648990459
180.5	0.289648990459
181.0	0.289648990459
181.5	0.289648990459
182.0	0.289648990459
182.5	0.242630648658
183.0	0.242630648658
183.5	0.242630648658
184.0	0.242630648658
184.5	0.242630648658
185.0	0.242630648658
185.5	0.242630648658
186.0	0.242630648658
186.5	0.242630648658
187	0.315844750795
187.5	0.315844750795
188.0	0.315844750795
188.5	0.315844750795
189.0	0.315844750795
189.5	0.315844750795
190	0.528022498996
190.5	0.528022498996
191.0	0.528022498996
191.5	0.528022498996
192.0	0.528022498996
192.5	0.564250922509
193.0	0.564250922509
193.5	0.564250922509
194.0	0.564250922509
194.5	0.704729124236
195.0	0.704729124236
195.5	0.704729124236
196	0.892791208791
196.5	0.892791208791
197.0	0.892791208791
197.5	1.0768832555
198.0	1.0768832555
198.5	1.35004580153
199.0	1.35004580153
199.5	1.35004580153
200	1.02312686567
200.5	0.897874015748
201.0	0.897874015748
201.5	0.897874015748
202.0	0.897874015748
202.5	0.897874015748
203.0	0.897874015748
203.5	0.675942279942
204.0	0.675942279942
204.5	0.675942279942
205	0.92490080429
205.5	0.92490080429
206.0	0.92490080429
206.5	0.92490080429
207.0	0.92490080429
207.5	0.92490080429
208	0.501441196465
208.5	0.501441196465
209	0.503033502538
209.5	0.503033502538
210	0.334762088975
210.5	0.334762088975
211.0	0.334762088975
211.5	0.334762088975
212.0	0.334762088975
212.5	0.306691729323
213.0	0.306691729323
213.5	0.306691729323
214.0	0.306691729323
214.5	0.306691729323
215.0	0.306691729323
215.5	0.306691729323
216.0	0.306691729323
216.5	0.306691729323
217.0	0.306691729323
217.5	0.306691729323
218.0	0.306691729323
218.5	0.306691729323
219.0	0.306691729323
219.5	0.306691729323
220.0	0.306691729323
220.5	0.306691729323
221.0	0.306691729323
221.5	0.306691729323
222.0	0.306691729323
222.5	0.306691729323
223.0	0.306691729323
223.5	0.306691729323
224.0	0.306691729323
224.5	0.306691729323
225.0	0.306691729323
225.5	0.306691729323
226.0	0.306691729323
226.5	0.306691729323
227.0	0.306691729323
227.5	0.306691729323
228.0	0.306691729323
228.5	0.306691729323
229.0	0.306691729323
229.5	0.306691729323
230.0	0.306691729323
230.5	0.306691729323
231.0	0.306691729323
231.5	0.232829329962
232.0	0.232829329962
232.5	0.232829329962
233.0	0.232829329962
233.5	0.232829329962
234.0	0.232829329962
234.5	0.232829329962
235.0	0.232829329962
235.5	0.232829329962
236.0	0.232829329962
236.5	0.232829329962
237	0.320631694389
237.5	0.320631694389
238.0	0.320631694389
238.5	0.320631694389
239.0	0.320631694389
239.5	0.320631694389
240.0	0.320631694389
240.5	0.315783529412
241.0	0.315783529412
241.5	0.315783529412
242.0	0.315783529412
242.5	0.315783529412
243.0	0.315783529412
243.5	0.315783529412
244.0	0.315783529412
244.5	0.315783529412
245	0.407367006718
245.5	0.407367006718
246.0	0.407367006718
246.5	0.407367006718
247.0	0.407367006718
247.5	0.549118530885
248.0	0.549118530885
248.5	0.549118530885
249.0	0.549118530885
249.5	0.549118530885
250.0	0.549118530885
250.5	0.549118530885
251	0.500280530734
251.5	0.500280530734
252.0	0.500280530734
252.5	0.500280530734
253.0	0.500280530734
253.5	0.500280530734
254	0.410648648649
254.5	0.410648648649
255.0	0.410648648649
255.5	0.410648648649
256.0	0.410648648649
256.5	0.410648648649
257.0	0.410648648649
257.5	0.410648648649
258	0.287437992832
258.5	0.287437992832
259.0	0.287437992832
259.5	0.287437992832
260.0	0.287437992832
260.5	0.710488766621
261.0	0.710488766621
261.5	0.710488766621
262	1.2555974026
262.5	1.2555974026
263	1.64118004338
263.5	1.64118004338
264	1.20188834476
264.5	1.20188834476
265.0	1.20188834476
265.5	1.25984541063
266.0	1.25984541063
266.5	1.33718490566
267.0	1.33718490566
267.5	1.54125529768
268.0	1.54125529768
268.5	1.47472057075
269.0	1.47472057075
269.5	1.28151855047
270.0	1.28151855047
270.5	1.28151855047
271	1.29208627451
271.5	1.29208627451
272	1.24181314879
272.5	1.24181314879
273	1.2566300716
273.5	1.2566300716
274.0	1.2566300716
274.5	1.21607345065
275	1.32321377331
275.5	1.32321377331
276.0	1.21596714579
276.5	1.21596714579
277.0	1.21596714579
277.5	1.06967229978
278.0	1.06967229978
278.5	1.06967229978
279	1.62846247465
279.5	1.62846247465
280	1.40306416584
280.5	1.87105820106
281.0	1.87105820106
281.5	1.710765625
282.0	1.710765625
282.5	1.45670967742
283.0	1.45670967742
283.5	1.45670967742
284	1.3322571912
284.5	1.3322571912
285	1.47342303307
285.5	1.47342303307
286	1.16100287081
286.5	1.16100287081
287	1.68222119816
287.5	1.68222119816
288	1.67162273277
288.5	1.67162273277
289	1.7328442623
289.5	1.7328442623
290	1.33886939571
290.5	1.33886939571
291	1.81290185676
291.5	1.7654617284
292.0	1.7654617284
292.5	1.66116923077
293.0	1.66116923077
293.5	1.68680228571
294.0	1.68680228571
294.5	1.70823789765
295.0	1.70823789765
295.5	1.68604698672
296.0	1.68604698672
296.5	1.47634837356
297.0	1.47634837356
297.5	1.50308307045
298.0	1.50308307045
298.5	1.56366666667
299.0	1.56366666667
299.5	1.56366666667
300	1.19825454545
300.5	1.19825454545
301.0	1.19825454545
301.5	1.10965153734
302.0	1.10965153734
302.5	1.10965153734
303.0	1.10965153734
303.5	1.10965153734
304.0	1.10965153734
304.5	0.414983783784
305.0	0.414983783784
305.5	0.414983783784
306.0	0.414983783784
306.5	0.414983783784
307.0	0.414983783784
307.5	0.414983783784
308	0.411164724409
308.5	0.411164724409
309.0	0.411164724409
309.5	0.411164724409
310.0	0.411164724409
310.5	0.411164724409
311	0.493741431965
311.5	0.493741431965
312.0	0.493741431965
312.5	0.493741431965
