0.0	0.259802535743
0.5	0.259802535743
1.0	0.259802535743
1.5	0.259802535743
2.0	0.259802535743
2.5	0.259802535743
3.0	0.259802535743
3.5	0.259802535743
4	0.532052168638
4.5	0.532052168638
5.0	0.532052168638
5.5	0.650311326469
6.0	0.650311326469
6.5	0.650311326469
7.0	0.650311326469
7.5	0.650311326469
8.0	0.650311326469
8.5	0.61874829932
9.0	0.61874829932
9.5	0.61874829932
10	0.725696635411
10.5	0.725696635411
11.0	0.725696635411
11.5	0.725696635411
12.0	0.725696635411
12.5	0.725696635411
13.0	0.725696635411
13.5	0.725696635411
14	0.496249261348
14.5	0.496249261348
15.0	0.496249261348
15.5	0.496249261348
16	0.565943093637
16.5	0.565943093637
17.0	0.565943093637
17.5	0.565943093637
18	0.740263384615
18.5	0.740263384615
19.0	0.740263384615
19.5	0.740263384615
20.0	0.740263384615
20.5	0.63248
21.0	0.63248
21.5	0.63248
22.0	0.63248
22.5	0.63248
23.0	0.63248
23.5	0.63248
24.0	0.63248
24.5	0.372297472924
25.0	0.372297472924
25.5	0.372297472924
26.0	0.372297472924
26.5	0.372297472924
27	0.652508840017
27.5	0.652508840017
28.0	0.652508840017
28.5	0.652508840017
29.0	0.652508840017
29.5	0.529390854185
30.0	0.529390854185
30.5	0.529390854185
31.0	0.529390854185
31.5	0.529390854185
32	0.691439681838
32.5	0.691439681838
33.0	0.691439681838
33.5	0.691439681838
34	0.679489932886
34.5	0.679489932886
35.0	0.679489932886
35.5	0.679489932886
36	0.712399253731
36.5	0.712399253731
37.0	0.712399253731
37.5	0.712399253731
38	0.820264550265
38.5	0.820264550265
39.0	0.820264550265
39.5	0.820264550265
40.0	0.820264550265
40.5	0.586140489345
41.0	0.586140489345
41.5	0.586140489345
42	1.01535285054
42.5	1.01535285054
43	1.31579835014
43.5	1.31579835014
44	0.971453874539
44.5	0.971453874539
45.0	0.971453874539
45.5	0.971453874539
46.0	0.971453874539
46.5	0.8035429727
47.0	0.8035429727
47.5	0.824200178731
48.0	0.824200178731
48.5	0.824200178731
49	0.810090287278
49.5	0.810090287278
50.0	0.810090287278
50.5	1.08320238095
51.0	1.08320238095
51.5	1.08320238095
52.0	1.08320238095
52.5	0.921735935706
53.0	0.921735935706
53.5	1.10349689441
54.0	1.10349689441
54.5	1.10349689441
55	1.14536032389
55.5	1.14536032389
56	1.32113423831
56.5	1.32113423831
57	1.32277298617
57.5	1.32277298617
58.0	1.32277298617
58.5	1.04355732273
59.0	1.04355732273
59.5	1.04355732273
60	1.05744026187
60.5	1.05744026187
61	1.1424180791
61.5	1.1424180791
62.0	1.1424180791
62.5	1.24269617021
63.0	1.24269617021
63.5	1.24269617021
64	1.01128895391
64.5	1.01128895391
65.0	1.01128895391
65.5	1.10902032787
66.0	1.10902032787
66.5	1.10902032787
67	1.17508982036
67.5	1.17508982036
68.0	1.17508982036
68.5	0.936893762851
69.0	0.936893762851
69.5	1.18575787728
70.0	1.18575787728
70.5	1.18575787728
71.0	1.18575787728
71.5	0.925915567282
72.0	0.925915567282
72.5	0.925915567282
73	0.831522253521
73.5	0.831522253521
74.0	0.831522253521
74.5	0.831522253521
75	0.634337955829
75.5	0.634337955829
76.0	0.634337955829
76.5	0.634337955829
77.0	0.634337955829
77.5	0.825732866433
78.0	0.825732866433
78.5	0.825732866433
79	0.784258639911
79.5	0.784258639911
80.0	0.784258639911
80.5	0.784258639911
81	0.734171545968
81.5	0.734171545968
82.0	0.734171545968
82.5	0.734171545968
83.0	0.734171545968
83.5	0.637820854387
84.0	0.637820854387
84.5	0.637820854387
85.0	0.637820854387
85.5	0.637820854387
86.0	0.637820854387
86.5	0.637820854387
87	0.435763224181
87.5	0.435763224181
88.0	0.435763224181
88.5	0.435763224181
89.0	0.435763224181
89.5	0.435763224181
90	0.502081483935
90.5	0.502081483935
91.0	0.502081483935
91.5	0.502081483935
92.0	0.502081483935
92.5	0.54706888361
93.0	0.54706888361
93.5	0.54706888361
94.0	0.54706888361
94.5	0.54706888361
95.0	0.54706888361
95.5	0.475573041894
96.0	0.475573041894
96.5	0.475573041894
97.0	0.475573041894
97.5	0.689926979611
98.0	0.689926979611
98.5	0.689926979611
99.0	0.689926979611
99.5	0.870372881356
100.0	0.870372881356
100.5	0.870372881356
101	0.9327523066
101.5	0.9327523066
102	1.17124085106
102.5	1.17124085106
103.0	1.17124085106
103.5	1.17895059625
104.0	1.17895059625
104.5	1.17895059625
105	1.02033281005
105.5	1.02033281005
106.0	1.02033281005
106.5	1.08850168577
107.0	1.08850168577
107.5	1.08850168577
108.0	1.08850168577
108.5	0.763132686084
109.0	0.763132686084
109.5	0.763132686084
110.0	0.763132686084
110.5	0.528829315333
111.0	0.528829315333
111.5	0.613064516129
112.0	0.613064516129
112.5	0.613064516129
113.0	0.613064516129
113.5	0.613064516129
114.0	0.613064516129
114.5	0.613064516129
115	0.549153575615
115.5	0.549153575615
116.0	0.549153575615
116.5	0.549153575615
117.0	0.549153575615
117.5	0.574262172285
118.0	0.574262172285
118.5	0.574262172285
119.0	0.574262172285
119.5	0.574262172285
120	0.641966927763
120.5	0.765823802164
121	0.742798283262
121.5	0.742798283262
122	0.751889400922
122.5	0.751889400922
123.0	0.751889400922
123.5	0.751889400922
124.0	0.751889400922
124.5	0.751889400922
125.0	0.751889400922
125.5	0.751889400922
126.0	0.751889400922
126.5	0.687194029851
127.0	0.687194029851
127.5	0.687194029851
128.0	0.687194029851
128.5	0.687194029851
129	0.740158649789
129.5	0.740158649789
130.0	0.740158649789
130.5	0.825260568793
131.0	0.825260568793
131.5	0.825260568793
132.0	0.825260568793
132.5	0.797471018022
133.0	0.797471018022
133.5	0.797471018022
134.0	0.797471018022
134.5	0.750535082715
135.0	0.750535082715
135.5	0.750535082715
136.0	0.750535082715
136.5	0.750535082715
137	0.816049469965
137.5	0.816049469965
138.0	0.816049469965
138.5	0.68373
139.0	0.68373
139.5	0.68373
140.0	0.68373
140.5	0.713480427046
141.0	0.713480427046
141.5	0.713480427046
142.0	0.713480427046
142.5	0.713480427046
143.0	0.713480427046
143.5	0.475184299295
144.0	0.475184299295
144.5	0.475184299295
145.0	0.475184299295
145.5	0.475184299295
146.0	0.475184299295
146.5	0.567460014674
147.0	0.567460014674
147.5	0.567460014674
148.0	0.567460014674
148.5	0.567460014674
149.0	0.567460014674
149.5	0.559603550296
150.0	0.559603550296
150.5	0.559603550296
151.0	0.559603550296
151.5	0.559603550296
152	0.479346875
152.5	0.479346875
153.0	0.479346875
153.5	0.479346875
154.0	0.479346875
154.5	0.657725094578
155.0	0.657725094578
155.5	0.657725094578
156.0	0.657725094578
156.5	0.676570883055
157.0	0.676570883055
157.5	0.676570883055
158.0	0.676570883055
158.5	0.676570883055
159.0	0.676570883055
159.5	0.599444270016
160.0	0.599444270016
160.5	0.599444270016
161.0	0.599444270016
161.5	0.659351408825
162.0	0.659351408825
162.5	0.659351408825
163.0	0.659351408825
163.5	0.659351408825
164	0.597938808374
164.5	0.597938808374
165.0	0.597938808374
165.5	0.597938808374
166	0.667981753675
166.5	0.667981753675
167.0	0.667981753675
167.5	0.667981753675
168.0	0.667981753675
168.5	0.607762912786
169.0	0.607762912786
169.5	0.607762912786
170	0.628690149254
170.5	0.628690149254
171.0	0.628690149254
171.5	0.628690149254
172.0	0.628690149254
172.5	0.628690149254
173.0	0.628690149254
173.5	0.498090880602
174.0	0.498090880602
174.5	0.498090880602
175.0	0.498090880602
175.5	0.475157135497
176.0	0.475157135497
176.5	0.475157135497
177.0	0.475157135497
177.5	0.475157135497
178	0.45429689298
178.5	0.45429689298
179.0	0.45429689298
179.5	0.45429689298
180.0	0.45429689298
180.5	0.45429689298
181	0.522549892319
181.5	0.522549892319
182.0	0.522549892319
182.5	0.522549892319
183.0	0.522549892319
183.5	0.522549892319
184.0	0.522549892319
184.5	0.522549892319
185.0	0.522549892319
185.5	0.522549892319
186.0	0.522549892319
186.5	0.315083202512
187.0	0.315083202512
187.5	0.315083202512
188.0	0.315083202512
188.5	0.315083202512
189.0	0.315083202512
189.5	0.315083202512
190.0	0.315083202512
190.5	0.315083202512
191.0	0.315083202512
191.5	0.315083202512
192	0.276410735123
192.5	0.276410735123
193.0	0.276410735123
193.5	0.276410735123
194	0.686327025716
194.5	0.686327025716
195.0	0.686327025716
195.5	0.686327025716
196.0	0.686327025716
196.5	0.358099754702
197.0	0.358099754702
197.5	0.358099754702
198.0	0.358099754702
198.5	0.358099754702
199.0	0.358099754702
199.5	0.358099754702
200.0	0.358099754702
200.5	0.398257716805
201.0	0.398257716805
201.5	0.398257716805
202.0	0.398257716805
202.5	0.398257716805
203.0	0.398257716805
203.5	0.398257716805
204.0	0.398257716805
204.5	0.398257716805
205.0	0.398257716805
205.5	0.34785244091
206.0	0.34785244091
206.5	0.34785244091
207.0	0.34785244091
207.5	0.34785244091
208.0	0.34785244091
208.5	0.34785244091
209.0	0.34785244091
209.5	0.311972959923
210.0	0.311972959923
210.5	0.311972959923
211.0	0.311972959923
211.5	0.311972959923
212.0	0.311972959923
212.5	0.311972959923
213.0	0.311972959923
213.5	0.311972959923
214	0.290528735632
214.5	0.290528735632
215.0	0.290528735632
215.5	0.290528735632
216.0	0.290528735632
216.5	0.290528735632
217.0	0.290528735632
217.5	0.290528735632
218	0.363497137167
218.5	0.363497137167
219.0	0.363497137167
219.5	0.363497137167
220.0	0.363497137167
220.5	0.544264566929
221.0	0.544264566929
221.5	0.544264566929
222.0	0.544264566929
222.5	0.544264566929
223.0	0.544264566929
223.5	0.544264566929
224	0.54574249758
224.5	0.54574249758
225.0	0.54574249758
225.5	0.54574249758
226.0	0.54574249758
226.5	0.568340918494
227.0	0.568340918494
227.5	0.568340918494
228.0	0.568340918494
228.5	0.568340918494
229	0.569316118284
229.5	0.569316118284
230.0	0.569316118284
230.5	0.788761169333
231.0	0.788761169333
231.5	0.788761169333
232.0	0.788761169333
232.5	0.788761169333
233	0.597314042553
233.5	0.597314042553
234.0	0.597314042553
234.5	0.597314042553
235.0	0.597314042553
235.5	0.649340959085
236.0	0.649340959085
236.5	0.649340959085
237.0	0.649340959085
237.5	0.642254810192
238.0	0.642254810192
238.5	0.642254810192
239.0	0.642254810192
239.5	0.642254810192
240.0	0.642254810192
240.5	0.597841361825
241.0	0.597841361825
241.5	0.597841361825
242.0	0.597841361825
242.5	0.597841361825
243	0.560541832669
243.5	0.560541832669
244.0	0.560541832669
244.5	0.560541832669
245.0	0.560541832669
245.5	0.560541832669
246	0.481939312205
246.5	0.481939312205
247.0	0.481939312205
247.5	0.481939312205
248.0	0.481939312205
248.5	0.481939312205
249.0	0.481939312205
249.5	0.481939312205
250.0	0.481939312205
250.5	0.318325538744
251.0	0.318325538744
251.5	0.318325538744
252.0	0.318325538744
252.5	0.318325538744
253.0	0.318325538744
253.5	0.318325538744
254	0.44330044843
254.5	0.44330044843
255.0	0.44330044843
255.5	0.44330044843
256.0	0.44330044843
256.5	0.44330044843
257.0	0.44330044843
257.5	0.44330044843
258.0	0.44330044843
258.5	0.326818456231
259.0	0.326818456231
259.5	0.326818456231
260.0	0.326818456231
260.5	0.326818456231
261.0	0.326818456231
261.5	0.326818456231
262.0	0.326818456231
262.5	0.326818456231
263.0	0.326818456231
263.5	0.276988574865
264.0	0.276988574865
264.5	0.276988574865
265.0	0.276988574865
265.5	0.276988574865
266	0.583049575703
266.5	0.583049575703
267.0	0.583049575703
267.5	0.583049575703
268.0	0.583049575703
268.5	0.583049575703
269	0.49643671102
269.5	0.49643671102
270.0	0.49643671102
270.5	0.49643671102
271.0	0.49643671102
271.5	0.49643671102
272.0	0.49643671102
272.5	0.428425776755
273.0	0.428425776755
273.5	0.428425776755
274.0	0.428425776755
274.5	0.428425776755
275	0.600387391503
275.5	0.600387391503
276.0	0.600387391503
276.5	0.600387391503
277.0	0.600387391503
277.5	0.600387391503
278	0.482203223546
278.5	0.482203223546
279.0	0.482203223546
279.5	0.482203223546
280.0	0.482203223546
280.5	0.482203223546
281.0	0.482203223546
281.5	0.482203223546
282	0.362706498952
282.5	0.362706498952
283.0	0.362706498952
283.5	0.362706498952
284.0	0.362706498952
284.5	0.362706498952
285.0	0.362706498952
285.5	0.362706498952
286.0	0.362706498952
286.5	0.277224141608
287.0	0.277224141608
287.5	0.277224141608
288.0	0.277224141608
288.5	0.277224141608
289.0	0.277224141608
289.5	0.277224141608
290.0	0.277224141608
290.5	0.277224141608
291	0.405589949749
291.5	0.405589949749
292.0	0.405589949749
292.5	0.405589949749
293.0	0.405589949749
293.5	0.540844036697
294.0	0.540844036697
294.5	0.540844036697
295.0	0.540844036697
295.5	0.540844036697
296.0	0.540844036697
296.5	0.402788101359
297.0	0.402788101359
297.5	0.402788101359
298	0.271823599523
298.5	0.271823599523
299.0	0.271823599523
299.5	0.271823599523
300.0	0.271823599523
300.5	0.271823599523
301.0	0.271823599523
301.5	0.271823599523
302.0	0.271823599523
302.5	0.271823599523
