0.0	1.48073284314
0.5	1.48073284314
1.0	1.48073284314
1.5	1.66746768061
2.0	1.66746768061
2.5	1.12898422713
3.0	1.12898422713
3.5	1.12898422713
4	1.67918769231
4.5	1.77077792732
5.0	1.77077792732
5.5	1.77077792732
6	1.87757723577
6.5	2.01097058824
7	2.052778157
7.5	2.052778157
8	1.91069790382
8.5	1.91069790382
9	1.52855335968
9.5	1.52855335968
10.0	1.52855335968
10.5	1.10692611558
11.0	1.10692611558
11.5	1.15007310216
12.0	1.15007310216
12.5	1.15007310216
13.0	1.15007310216
13.5	0.851784431138
14.0	0.851784431138
14.5	0.851784431138
15	0.985685674548
15.5	0.985685674548
16	1.84022168675
16.5	1.84022168675
17.0	1.84022168675
17.5	0.974265514533
18.0	0.974265514533
18.5	0.974265514533
19.0	0.974265514533
19.5	0.754332148299
20.0	0.754332148299
20.5	0.754332148299
21.0	0.754332148299
21.5	0.754332148299
22.0	0.754332148299
22.5	0.483288595526
23.0	0.483288595526
23.5	1.32064029439
24.0	1.32064029439
24.5	1.30490210657
25.0	1.30490210657
25.5	1.38570880558
26.0	1.38570880558
26.5	1.25480272109
27.0	1.25480272109
27.5	1.40994285714
28.0	1.40994285714
28.5	1.49162295082
29.0	1.49162295082
29.5	1.59608747515
30.0	1.59608747515
30.5	1.59608747515
31	1.32956407858
31.5	1.32956407858
32	1.58578475336
32.5	1.5024219554
33.0	1.5024219554
33.5	1.71848625793
34.0	1.71848625793
34.5	1.72289715536
35.0	2.01276012461
35.5	2.01276012461
36	1.84104400607
36.5	1.84104400607
37	1.78942156863
37.5	1.92539275766
38.0	1.92539275766
38.5	2.04504957678
39.0	2.04504957678
39.5	1.53483798883
40.0	1.53483798883
40.5	2.194105939
41.0	2.194105939
41.5	1.68436277974
42	1.64174035088
42.5	1.64174035088
43.0	1.64174035088
43.5	1.30499734748
44.0	1.30499734748
44.5	1.51913407134
45.0	1.51913407134
45.5	1.51913407134
46.0	1.51913407134
46.5	0.863305439331
47.0	0.863305439331
47.5	0.863305439331
48.0	0.863305439331
48.5	0.74957911561
49.0	0.74957911561
49.5	0.74957911561
50	0.95168575233
50.5	0.95168575233
51	1.27505601469
51.5	1.27505601469
52.0	1.27505601469
52.5	1.27505601469
53	0.896943616332
53.5	2.56477834179
54.0	2.56477834179
54.5	1.29755492958
55.0	1.29755492958
55.5	1.29755492958
56	0.849348080677
56.5	0.849348080677
57	1.92722649007
57.5	1.92722649007
58	2.13659684362
58.5	1.78566304348
59.0	1.78566304348
59.5	1.67830243902
60.0	1.67830243902
60.5	1.67830243902
61	1.06632357473
61.5	1.06632357473
62.0	1.06632357473
62.5	1.06632357473
63.0	1.06632357473
63.5	1.06632357473
64.0	1.06632357473
64.5	0.381315341742
65.0	0.381315341742
65.5	0.381315341742
66.0	0.381315341742
66.5	0.381315341742
67.0	0.381315341742
67.5	0.381315341742
68.0	0.381315341742
68.5	0.409707614213
69.0	0.409707614213
69.5	0.409707614213
70.0	0.409707614213
70.5	0.409707614213
71	0.658681564246
71.5	0.658681564246
72	0.841743668457
72.5	1.36562874251
73.0	1.36562874251
73.5	1.36562874251
74	1.31951549296
74.5	1.31951549296
75.0	1.31951549296
75.5	1.31951549296
76	0.818476868327
76.5	0.818476868327
77.0	0.818476868327
77.5	0.818476868327
78.0	0.818476868327
78.5	0.584484944532
79	0.924417910448
79.5	1.39574193548
80	1.38859574468
80.5	1.38859574468
81.0	1.38859574468
81.5	1.38859574468
82.0	1.38859574468
82.5	1.38859574468
83	1.28788811189
83.5	1.28788811189
84.0	1.28788811189
84.5	1.15178988838
85	1.46475306958
85.5	1.46475306958
86.0	1.46475306958
86.5	1.32674878444
87.0	1.32674878444
87.5	1.2988035538
88.0	1.2988035538
88.5	1.2988035538
89	1.41465237366
89.5	1.41465237366
90.0	1.41465237366
90.5	0.850013986014
91	1.7160171184
91.5	1.7160171184
92	1.78317146145
92.5	1.78317146145
93.0	1.78317146145
93.5	1.35573707274
94.0	1.35573707274
94.5	1.66099670692
95.0	1.66099670692
95.5	1.66099670692
96.0	1.66099670692
96.5	0.688624017957
97.0	0.688624017957
97.5	1.4664742268
98.0	1.4664742268
98.5	1.4117689243
99.0	1.4117689243
99.5	1.54281212121
100.0	1.54281212121
100.5	1.54281212121
101	1.17558293839
101.5	1.17558293839
102.0	1.17558293839
102.5	1.09776792313
103.0	1.09776792313
103.5	1.42324838013
104.0	1.42324838013
104.5	1.04099782451
105.0	1.04099782451
105.5	1.04099782451
106.0	1.04099782451
106.5	0.573872479564
107.0	0.573872479564
107.5	0.573872479564
108.0	0.573872479564
108.5	0.943828978622
109.0	1.3582916053
109.5	1.3582916053
110	1.60699050204
110.5	1.60699050204
111	1.38386311787
111.5	1.38386311787
112.0	1.38386311787
112.5	1.30013279352
113.0	1.30013279352
113.5	1.30013279352
114	1.13886538462
114.5	1.13886538462
115.0	1.13886538462
115.5	0.879676616915
116.0	0.879676616915
116.5	1.22848807854
117.0	1.22848807854
117.5	1.22848807854
118	1.38710580205
118.5	1.38710580205
119	1.55298619329
119.5	1.55298619329
120	1.52922130178
120.5	1.82443308271
121.0	1.82443308271
121.5	1.46898189135
122.0	1.46898189135
122.5	1.62639058824
123.0	1.62639058824
123.5	1.62639058824
124.0	1.62639058824
124.5	1.62639058824
125	0.667162130178
125.5	0.667162130178
126.0	0.667162130178
126.5	0.667162130178
127.0	0.667162130178
127.5	0.667162130178
128.0	0.667162130178
128.5	0.667162130178
129	0.389144475921
129.5	0.389144475921
130.0	0.389144475921
130.5	0.389144475921
131.0	0.389144475921
131.5	0.492231904933
132.0	0.492231904933
132.5	0.492231904933
133.0	0.492231904933
133.5	0.893765
134.0	0.893765
134.5	0.893765
135.0	0.893765
135.5	0.893765
136.0	0.893765
136.5	0.466341528239
137.0	0.466341528239
137.5	0.466341528239
138.0	0.466341528239
138.5	0.75226911315
139.0	0.75226911315
139.5	0.75226911315
140.0	0.75226911315
140.5	0.75226911315
141	0.545037952339
141.5	0.545037952339
142.0	0.545037952339
142.5	0.545037952339
143.0	0.545037952339
143.5	0.672906644925
144.0	0.672906644925
144.5	0.672906644925
145.0	0.672906644925
145.5	0.770514786418
146.0	0.770514786418
146.5	0.770514786418
147	0.891167082294
147.5	0.891167082294
148.0	0.891167082294
148.5	0.971683694892
149.0	0.971683694892
149.5	0.971683694892
150	1.12245255474
150.5	1.12245255474
151.0	1.12245255474
151.5	1.11618851252
152.0	1.11618851252
152.5	1.42610526316
153.0	1.42610526316
153.5	1.37126890756
154.0	1.37126890756
154.5	1.49083606557
155.0	1.49083606557
155.5	1.49083606557
156	1.39308512629
156.5	1.62052774353
157.0	1.62052774353
157.5	1.62052774353
158	1.45939342524
158.5	1.79985435631
159.0	1.79985435631
159.5	1.73089747004
160.0	1.73089747004
160.5	1.669336091
161.0	1.669336091
161.5	1.81390769231
162	1.88776592083
162.5	1.2462295082
163.0	1.2462295082
163.5	1.68045919283
164.0	1.68045919283
164.5	1.90076033058
165.0	1.90076033058
165.5	2.10845957447
166	2.06038095238
166.5	1.87540229885
167.0	1.87540229885
167.5	1.87540229885
168.0	1.87540229885
168.5	1.78803883495
169.0	1.78803883495
169.5	2.05407025761
170	1.81976949153
170.5	1.81976949153
171	2.3026835443
171.5	2.3026835443
172	1.75894117647
172.5	1.75894117647
173	1.58996213425
173.5	1.89267820069
174.0	1.89267820069
174.5	1.73833526012
175.0	1.73833526012
175.5	1.50298351115
176.0	1.50298351115
176.5	1.50298351115
177	1.47604580153
177.5	1.47604580153
178	1.42482862524
178.5	1.42482862524
179	1.40725688073
179.5	1.40725688073
180.0	1.40725688073
180.5	1.179146948
181.0	1.179146948
181.5	1.20733901193
182.0	1.20733901193
182.5	1.91401503759
183.0	1.91401503759
183.5	1.73217877095
184.0	1.73217877095
184.5	1.22649050372
185.0	1.22649050372
185.5	1.22649050372
186	1.2248401487
186.5	1.2248401487
187	1.39915789474
187.5	1.57172537313
188.0	1.57172537313
188.5	1.57172537313
189	1.4331902615
189.5	1.42767801858
190.0	1.42767801858
190.5	1.42767801858
191	0.958213592233
191.5	0.958213592233
192.0	0.958213592233
192.5	0.954638688525
193.0	0.954638688525
193.5	0.954638688525
194.0	0.954638688525
194.5	0.824262833676
195.0	0.824262833676
195.5	0.824262833676
196.0	0.824262833676
196.5	0.855691751957
197.0	0.855691751957
197.5	0.855691751957
198.0	0.855691751957
198.5	0.667226415094
199.0	0.667226415094
199.5	0.667226415094
200	0.618581920904
200.5	0.618581920904
201.0	0.618581920904
201.5	0.618581920904
202.0	0.618581920904
202.5	0.76251782364
203.0	0.76251782364
203.5	0.76251782364
204	0.953225181598
204.5	0.953225181598
205.0	0.953225181598
205.5	1.03873954984
206.0	1.03873954984
206.5	1.01868010076
207.0	1.01868010076
207.5	1.01868010076
208	1.14254147105
208.5	1.14254147105
209.0	1.14254147105
209.5	1.06504776579
210.0	1.06504776579
210.5	1.06504776579
211	1.02999756395
211.5	1.02999756395
212.0	1.02999756395
212.5	1.10158781075
213.0	1.10158781075
213.5	1.10158781075
214	1.20434185022
214.5	1.20434185022
215	1.05071565026
215.5	1.05071565026
216.0	1.05071565026
216.5	1.05071565026
217	0.924086899276
217.5	0.924086899276
218.0	0.924086899276
218.5	0.924086899276
219.0	0.924086899276
219.5	0.612682440847
220.0	0.612682440847
220.5	0.612682440847
221.0	0.612682440847
221.5	0.612682440847
222	0.496205705102
222.5	0.496205705102
223.0	0.496205705102
223.5	0.496205705102
224.0	0.496205705102
224.5	0.655015873016
225.0	0.655015873016
225.5	0.655015873016
226	1.06105580694
226.5	1.06105580694
227.0	1.06105580694
227.5	0.893395
228.0	0.893395
228.5	0.893395
229.0	0.893395
229.5	0.893395
230.0	0.893395
230.5	0.545379418696
231.0	0.545379418696
231.5	0.545379418696
232.0	0.545379418696
232.5	0.545379418696
233.0	0.545379418696
233.5	0.427023758099
234.0	0.427023758099
234.5	0.427023758099
235.0	0.427023758099
235.5	0.427023758099
236	0.627394039735
236.5	0.627394039735
237.0	0.627394039735
237.5	0.627394039735
238.0	0.627394039735
238.5	0.643041414611
239.0	0.643041414611
239.5	0.643041414611
240.0	0.643041414611
240.5	0.650123505976
241.0	0.650123505976
241.5	0.650123505976
242.0	0.650123505976
242.5	0.650123505976
243	0.656910158014
243.5	0.656910158014
244.0	0.656910158014
244.5	0.656910158014
245.0	0.656910158014
245.5	0.656910158014
246	0.511228286989
246.5	0.511228286989
247.0	0.511228286989
247.5	0.511228286989
248.0	0.511228286989
248.5	0.487299962922
249.0	0.487299962922
249.5	0.487299962922
250.0	0.487299962922
250.5	0.487299962922
251.0	0.487299962922
251.5	0.487299962922
252	0.405243816254
252.5	0.405243816254
253.0	0.405243816254
253.5	0.405243816254
254.0	0.405243816254
254.5	0.405243816254
255.0	0.405243816254
255.5	0.405243816254
256.0	0.405243816254
256.5	0.330489016237
257.0	0.330489016237
257.5	0.330489016237
258.0	0.330489016237
258.5	0.330489016237
259.0	0.330489016237
259.5	0.330489016237
260.0	0.330489016237
260.5	0.330489016237
261	0.306436586516
261.5	0.306436586516
262.0	0.306436586516
262.5	0.306436586516
263.0	0.306436586516
263.5	0.306436586516
264.0	0.306436586516
264.5	0.431617112299
265.0	0.431617112299
265.5	0.431617112299
266.0	0.431617112299
266.5	0.431617112299
267	0.652003686636
267.5	0.652003686636
268.0	0.652003686636
268.5	0.719679790026
269.0	0.719679790026
269.5	0.57015
270.0	0.57015
270.5	0.57015
271.0	0.57015
271.5	0.57015
272.0	0.57015
272.5	0.57015
273.0	0.57015
273.5	0.469602005013
274.0	0.469602005013
274.5	0.469602005013
275.0	0.469602005013
275.5	0.469602005013
276.0	0.469602005013
276.5	0.539887323944
277.0	0.539887323944
277.5	0.539887323944
278.0	0.539887323944
278.5	0.539887323944
279.0	0.539887323944
279.5	0.478818565401
280.0	0.478818565401
280.5	0.478818565401
281	0.391071823204
281.5	0.391071823204
282	0.385461024499
282.5	0.385461024499
283.0	0.385461024499
283.5	0.385461024499
284.0	0.385461024499
284.5	0.285369479668
285.0	0.285369479668
285.5	0.285369479668
286.0	0.285369479668
286.5	0.285369479668
287.0	0.285369479668
287.5	0.285369479668
288.0	0.285369479668
288.5	0.285369479668
289.0	0.285369479668
289.5	0.285369479668
290.0	0.285369479668
290.5	0.285369479668
291.0	0.285369479668
291.5	0.285369479668
292.0	0.285369479668
292.5	0.409161194767
293.0	0.409161194767
293.5	0.409161194767
294.0	0.409161194767
294.5	0.409161194767
295.0	0.409161194767
295.5	0.409161194767
296.0	0.409161194767
296.5	0.472568965517
297.0	0.472568965517
297.5	0.472568965517
298.0	0.472568965517
298.5	0.574151871658
299.0	0.574151871658
299.5	0.574151871658
300.0	0.574151871658
300.5	0.574151871658
301.0	0.574151871658
301.5	0.574151871658
302.0	0.574151871658
302.5	0.412498866213
303.0	0.412498866213
303.5	0.412498866213
304.0	0.412498866213
304.5	0.412498866213
305	0.58631372549
305.5	0.58631372549
306.0	0.58631372549
306.5	0.58631372549
307.0	0.58631372549
307.5	0.765659345213
308.0	0.765659345213
308.5	1.27205581395
309.0	1.27205581395
309.5	0.967761866452
310.0	0.967761866452
310.5	0.967761866452
311.0	0.967761866452
311.5	0.967761866452
312.0	0.967761866452
312.5	0.967761866452
313.0	0.967761866452
313.5	0.430916573971
314.0	0.430916573971
314.5	0.430916573971
315.0	0.430916573971
315.5	0.430916573971
