0.0	1.10093667426
0.5	1.10093667426
1.0	1.10093667426
1.5	1.10093667426
2.0	1.10093667426
2.5	1.10093667426
3	0.699153447589
3.5	0.699153447589
4	1.33208933002
4.5	1.33208933002
5.0	1.33208933002
5.5	1.10846851726
6.0	1.10846851726
6.5	1.10846851726
7	1.22048979592
7.5	1.22048979592
8.0	1.22048979592
8.5	1.17752453792
9.0	1.17752453792
9.5	1.11175609756
10.0	1.11175609756
10.5	1.11175609756
11	1.06831971581
11.5	1.06831971581
12.0	1.06831971581
12.5	1.12860597232
13.0	1.12860597232
13.5	1.12860597232
14	1.08630337079
14.5	1.08630337079
15.0	1.08630337079
15.5	1.05815944056
16.0	1.05815944056
16.5	1.22223904382
17.0	1.22223904382
17.5	1.22223904382
18	1.11926180258
18.5	1.11926180258
19.0	1.11926180258
19.5	1.14492407108
20.0	1.14492407108
20.5	1.3304738676
21.0	1.3304738676
21.5	1.33072961373
22.0	1.33072961373
22.5	1.3320896861
23.0	1.3320896861
23.5	1.3320896861
24	1.40354419595
24.5	1.40354419595
25	1.20836363636
25.5	1.20836363636
26	1.29846609125
26.5	1.29846609125
27.0	1.29846609125
27.5	1.06457334226
28.0	1.06457334226
28.5	1.07617269545
29.0	1.07617269545
29.5	1.2493164557
30.0	1.2493164557
30.5	1.2493164557
31	1.09214103526
31.5	1.09214103526
32.0	1.09214103526
32.5	1.00041370717
33.0	1.00041370717
33.5	1.00041370717
34.0	1.00041370717
34.5	0.781365585487
35.0	0.781365585487
35.5	0.781365585487
36.0	0.781365585487
36.5	0.872083847102
37.0	0.872083847102
37.5	0.925911205074
38.0	0.925911205074
38.5	0.925911205074
39	0.972301435407
39.5	0.972301435407
40.0	0.972301435407
40.5	1.02856172436
41.0	1.02856172436
41.5	1.02856172436
42	0.957888806523
42.5	0.957888806523
43.0	0.957888806523
43.5	0.957888806523
44	0.81480725319
44.5	0.81480725319
45.0	0.81480725319
45.5	0.968923689449
46.0	0.968923689449
46.5	0.968923689449
47.0	0.968923689449
47.5	0.689836327345
48.0	0.689836327345
48.5	0.689836327345
49.0	0.689836327345
49.5	0.689836327345
50.0	0.689836327345
50.5	0.689836327345
51	0.506667465548
51.5	0.506667465548
52.0	0.506667465548
52.5	0.506667465548
53	0.7805
53.5	0.7805
54.0	0.7805
54.5	0.78333982808
55.0	0.78333982808
55.5	0.78333982808
56	1.05226195732
56.5	1.05226195732
57.0	1.05226195732
57.5	0.949079107505
58.0	0.949079107505
58.5	0.949079107505
59	1.09981520119
59.5	1.09981520119
60.0	1.09981520119
60.5	1.06654231434
61.0	1.06654231434
61.5	1.06654231434
62.0	1.06654231434
62.5	0.898551986935
63.0	0.898551986935
63.5	0.898551986935
64	0.927462096243
64.5	0.927462096243
65.0	0.927462096243
65.5	1.08702053232
66.0	1.08702053232
66.5	1.03236877323
67.0	1.03236877323
67.5	1.03236877323
68	1.13348402948
68.5	1.13348402948
69.0	1.13348402948
69.5	0.968552076677
70.0	0.968552076677
70.5	0.968552076677
71	0.975915254237
71.5	0.975915254237
72.0	0.975915254237
72.5	1.01591284047
73.0	1.01591284047
73.5	1.01591284047
74	1.00348689655
74.5	1.00348689655
75.0	1.00348689655
75.5	1.00348689655
76	0.982327176781
76.5	0.982327176781
77	1.14781484716
77.5	1.14781484716
78.0	1.14781484716
78.5	1.13268148148
79.0	1.13268148148
79.5	1.11710088781
80.0	1.11710088781
80.5	1.11710088781
81	1.26572930867
81.5	1.26572930867
82	1.17828321168
82.5	1.17828321168
83.0	1.17828321168
83.5	1.17828321168
84	0.87878757764
84.5	0.87878757764
85	1.18316289105
85.5	1.11248780488
86.0	1.11248780488
86.5	1.11248780488
87.0	1.11248780488
87.5	1.0089994615
88.0	1.0089994615
88.5	1.0089994615
89.0	1.0089994615
89.5	0.785849658314
90.0	0.785849658314
90.5	0.785849658314
91.0	0.785849658314
91.5	0.771165708312
92	0.958390715667
92.5	1.09539240506
93	1.17592792793
93.5	1.17592792793
94.0	1.17592792793
94.5	1.17592792793
95.0	1.17592792793
95.5	1.17592792793
96	1.25855125285
96.5	1.25855125285
97.0	1.25855125285
97.5	1.18846612466
98.0	1.18846612466
98.5	1.28275268817
99.0	1.28275268817
99.5	1.28275268817
100	1.08856914894
100.5	1.08856914894
101.0	1.08856914894
101.5	0.911772695773
102.0	0.911772695773
102.5	0.911772695773
103.0	0.911772695773
103.5	1.03099107143
104.0	1.03099107143
104.5	1.03099107143
105	0.826884353741
105.5	0.826884353741
106	0.928185185185
106.5	0.928185185185
107.0	0.928185185185
107.5	0.928185185185
108	0.846300382305
108.5	0.846300382305
109.0	0.846300382305
109.5	0.846300382305
110	0.956645640074
110.5	0.956645640074
111.0	0.956645640074
111.5	0.854897175141
112.0	0.854897175141
112.5	0.854897175141
113.0	0.854897175141
113.5	0.790675257732
114.0	0.790675257732
114.5	0.790675257732
115.0	0.790675257732
115.5	0.750829174664
116.0	0.750829174664
116.5	0.750829174664
117	0.89596460177
117.5	0.89596460177
118.0	0.89596460177
118.5	0.89596460177
119	0.836464403067
119.5	0.836464403067
120.0	0.836464403067
120.5	0.865484996511
121.0	0.865484996511
121.5	0.865484996511
122.0	0.865484996511
122.5	0.993498327759
123.0	0.993498327759
123.5	0.993498327759
124	0.727333333333
124.5	0.727333333333
125.0	0.727333333333
125.5	0.727333333333
126	0.882320835894
126.5	0.882320835894
127.0	0.882320835894
127.5	0.8227
128.0	0.8227
128.5	0.8227
129.0	0.8227
129.5	0.806806091371
130.0	0.806806091371
130.5	1.05403428571
131.0	1.05403428571
131.5	1.04902745793
132.0	1.04902745793
132.5	1.04902745793
133.0	1.04902745793
133.5	0.812401785714
134.0	0.812401785714
134.5	0.812401785714
135	0.958605373134
135.5	0.958605373134
136.0	0.958605373134
136.5	1.08248591013
137.0	1.08248591013
137.5	1.08248591013
138	0.958996610169
138.5	0.958996610169
139	0.997621867882
139.5	0.997621867882
140.0	0.997621867882
140.5	0.997621867882
141	1.04747938144
141.5	1.04747938144
142.0	1.04747938144
142.5	1.02056254051
143.0	1.02056254051
143.5	1.02056254051
144	0.943894813733
144.5	0.943894813733
145.0	0.943894813733
145.5	0.762090452261
146.0	0.762090452261
146.5	0.762090452261
147.0	0.762090452261
147.5	0.873306220096
148.0	0.873306220096
148.5	0.873306220096
149	0.948820864791
149.5	0.948820864791
150.0	0.948820864791
150.5	1.14739213026
151.0	1.14739213026
151.5	1.14739213026
152.0	1.14739213026
152.5	0.85747815231
153.0	0.85747815231
153.5	0.85747815231
154	0.824941460471
154.5	0.824941460471
155.0	0.824941460471
155.5	0.824941460471
156.0	0.67902374169
156.5	0.67902374169
157.0	0.67902374169
157.5	0.67902374169
158.0	0.67902374169
158.5	0.660559058824
159.0	0.660559058824
159.5	0.660559058824
160.0	0.660559058824
160.5	0.660559058824
161.0	0.660559058824
161.5	0.660559058824
162	0.434999115827
162.5	0.434999115827
163.0	0.434999115827
163.5	0.434999115827
164.0	0.434999115827
164.5	0.434999115827
165	0.436724186704
165.5	0.436724186704
166.0	0.436724186704
166.5	0.436724186704
167	0.806370297997
167.5	0.806370297997
168.0	0.806370297997
168.5	0.897868538609
169.0	0.897868538609
169.5	0.897868538609
170.0	0.897868538609
170.5	0.990597366597
171.0	0.990597366597
171.5	1.08564190774
172.0	1.08564190774
172.5	1.08564190774
173	1.04058947368
173.5	1.04058947368
174.0	1.04058947368
174.5	1.04058947368
175	0.94855068836
175.5	0.94855068836
176.0	0.94855068836
176.5	0.926203753351
177.0	0.926203753351
177.5	1.14714235501
178.0	1.14714235501
178.5	1.14714235501
179	1.21966135792
179.5	1.21966135792
180.0	1.21966135792
180.5	1.06144547398
181.0	1.06144547398
181.5	1.06144547398
182	0.967069904341
182.5	0.967069904341
183.0	0.967069904341
183.5	0.97950747331
184.0	0.97950747331
184.5	0.97950747331
185	0.95520220842
185.5	0.95520220842
186.0	0.95520220842
186.5	0.952310622711
187.0	0.952310622711
187.5	0.952310622711
188.0	0.952310622711
188.5	0.809552657974
189.0	0.809552657974
189.5	0.809552657974
190.0	0.809552657974
190.5	0.809552657974
191	0.549668997669
191.5	0.549668997669
192.0	0.549668997669
192.5	0.549668997669
193.0	0.549668997669
193.5	0.527557479557
194	0.87547024952
194.5	0.87547024952
195.0	0.87547024952
195.5	0.87547024952
196.0	0.87547024952
196.5	0.87547024952
197.0	0.87547024952
197.5	0.545953379953
198.0	0.545953379953
198.5	0.545953379953
199.0	0.545953379953
199.5	0.545953379953
200	0.565090909091
200.5	0.565090909091
201.0	0.565090909091
201.5	0.565090909091
202.0	0.565090909091
202.5	0.565090909091
203	0.468925619835
203.5	0.468925619835
204.0	0.468925619835
204.5	0.460063138347
205	0.570253706755
205.5	0.570253706755
206	0.648747514911
206.5	0.648747514911
207.0	0.648747514911
207.5	0.648747514911
208.0	0.648747514911
208.5	0.648747514911
209.0	0.648747514911
209.5	0.648747514911
210.0	0.648747514911
210.5	0.600765494744
211.0	0.600765494744
211.5	0.600765494744
212.0	0.600765494744
212.5	0.600765494744
213.0	0.600765494744
213.5	0.617667605634
214.0	0.617667605634
214.5	0.617667605634
215	0.873607811229
215.5	0.873607811229
216.0	0.873607811229
216.5	0.873607811229
217	0.803340529931
217.5	0.803340529931
218.0	0.803340529931
218.5	0.880647925033
219.0	0.880647925033
219.5	0.880647925033
220.0	0.880647925033
220.5	0.880647925033
221	0.863334579439
221.5	0.863334579439
222.0	0.863334579439
222.5	0.742176390773
223.0	0.742176390773
223.5	0.742176390773
224.0	0.742176390773
224.5	0.742176390773
225.0	0.742176390773
225.5	0.443230655859
226.0	0.443230655859
226.5	0.443230655859
227.0	0.443230655859
227.5	0.443230655859
228.0	0.443230655859
228.5	0.443230655859
229	0.420737442302
229.5	0.420737442302
230.0	0.420737442302
230.5	0.420737442302
231.0	0.420737442302
231.5	0.420737442302
232.0	0.420737442302
232.5	0.420737442302
233.0	0.420737442302
233.5	0.344137041157
234.0	0.344137041157
234.5	0.344137041157
235.0	0.344137041157
235.5	0.344137041157
236.0	0.344137041157
236.5	0.344137041157
237	0.491288311688
237.5	0.491288311688
238.0	0.491288311688
238.5	0.491288311688
239	0.603307767945
239.5	0.603307767945
240.0	0.603307767945
240.5	0.603307767945
241.0	0.603307767945
241.5	0.603307767945
242	0.564883754513
242.5	0.564883754513
243.0	0.564883754513
243.5	0.564883754513
244.0	0.564883754513
244.5	0.564883754513
245.0	0.564883754513
245.5	0.564883754513
246.0	0.564883754513
246.5	0.564883754513
247	0.294191780822
247.5	0.294191780822
248.0	0.294191780822
248.5	0.294191780822
249.0	0.294191780822
249.5	0.294191780822
250.0	0.294191780822
250.5	0.294191780822
251.0	0.294191780822
251.5	0.294191780822
252	0.307197103781
252.5	0.307197103781
253.0	0.307197103781
253.5	0.307197103781
254.0	0.307197103781
254.5	0.307197103781
255.0	0.307197103781
255.5	0.307197103781
256	0.331703664081
256.5	0.331703664081
257.0	0.331703664081
257.5	0.331703664081
258.0	0.331703664081
258.5	0.331703664081
259.0	0.331703664081
259.5	0.331703664081
260.0	0.331703664081
260.5	0.323943293348
261.0	0.323943293348
261.5	0.323943293348
262.0	0.323943293348
262.5	0.323943293348
263.0	0.323943293348
263.5	0.323943293348
264.0	0.323943293348
264.5	0.323943293348
265.0	0.323943293348
265.5	0.323943293348
266.0	0.323943293348
266.5	0.233924032659
267.0	0.233924032659
267.5	0.233924032659
268.0	0.233924032659
268.5	0.233924032659
269.0	0.233924032659
269.5	0.233924032659
270.0	0.233924032659
270.5	0.233924032659
271.0	0.233924032659
271.5	0.301393239555
272.0	0.301393239555
272.5	0.301393239555
273.0	0.301393239555
273.5	0.301393239555
274.0	0.301393239555
274.5	0.301393239555
275.0	0.301393239555
275.5	0.269599590374
276.0	0.269599590374
276.5	0.269599590374
277.0	0.269599590374
277.5	0.269599590374
278.0	0.269599590374
278.5	0.269599590374
279.0	0.269599590374
279.5	0.269599590374
280.0	0.269599590374
280.5	0.269599590374
281.0	0.269599590374
281.5	0.264109006314
282.0	0.264109006314
282.5	0.264109006314
283.0	0.264109006314
283.5	0.264109006314
284.0	0.264109006314
284.5	0.264109006314
285.0	0.264109006314
285.5	0.236785622593
286.0	0.236785622593
286.5	0.236785622593
287.0	0.236785622593
287.5	0.236785622593
288.0	0.236785622593
288.5	0.236785622593
289.0	0.236785622593
289.5	0.299987841945
290.0	0.299987841945
290.5	0.299987841945
291.0	0.299987841945
291.5	0.299987841945
292.0	0.299987841945
292.5	0.299987841945
293.0	0.299987841945
293.5	0.299987841945
294.0	0.299987841945
294.5	0.299987841945
295	0.286016502947
295.5	0.286016502947
296.0	0.286016502947
296.5	0.286016502947
297.0	0.286016502947
297.5	0.286016502947
298.0	0.286016502947
298.5	0.286016502947
299.0	0.286016502947
299.5	0.286016502947
300.0	0.286016502947
300.5	0.299340790455
301.0	0.299340790455
301.5	0.299340790455
302.0	0.299340790455
302.5	0.299340790455
303.0	0.299340790455
303.5	0.482452138493
304.0	0.482452138493
304.5	0.482452138493
305	1.12263492063
305.5	1.12263492063
306	1.16477659574
306.5	1.16477659574
307.0	1.16477659574
307.5	1.16477659574
308	0.743341563786
308.5	0.743341563786
309.0	0.743341563786
309.5	0.743341563786
310	0.83186899102
310.5	0.83186899102
311.0	0.83186899102
311.5	0.83186899102
312	0.668836438923
312.5	0.668836438923
313.0	0.668836438923
313.5	0.99446557377
314.0	0.99446557377
314.5	0.99446557377
