0.0	1.01792586352
0.5	1.01792586352
1.0	1.01792586352
1.5	1.01792586352
2.0	1.01792586352
2.5	0.969693753455
3.0	0.969693753455
3.5	1.2528168028
4.0	1.2528168028
4.5	1.47496216216
5.0	1.47496216216
5.5	2.0686918239
6.0	2.0686918239
6.5	2.0125664488
7	1.97824231465
7.5	1.97824231465
8	1.98502970297
8.5	1.84693206198
9.0	1.84693206198
9.5	2.10748773842
10.0	2.10748773842
10.5	2.43274598071
11	2.6109106383
11.5	1.98569543147
12.0	1.98569543147
12.5	1.96046473029
13.0	1.96046473029
13.5	2.18197714286
14	2.23870036101
14.5	2.23870036101
15	1.90420512821
15.5	2.32438800705
16.0	2.32438800705
16.5	1.74215533981
17	1.57643113772
17.5	1.57643113772
18.0	1.57643113772
18.5	1.46759741459
19	1.24970189702
19.5	1.24970189702
20	1.33222947132
20.5	1.33222947132
21.0	1.33222947132
21.5	1.1982090535
22.0	1.1982090535
22.5	1.1982090535
23	1.06335364238
23.5	1.06335364238
24.0	1.06335364238
24.5	1.0598836689
25.0	1.0598836689
25.5	1.61659428571
26	1.57538129496
26.5	1.57538129496
27.0	1.57538129496
27.5	1.30159167334
28.0	1.30159167334
28.5	1.30159167334
29	1.1353482336
29.5	1.1353482336
30	1.11395862069
30.5	1.11395862069
31.0	1.11395862069
31.5	1.2533553719
32.0	1.2533553719
32.5	1.4343497053
33.0	1.4343497053
33.5	1.30541265345
34.0	1.30541265345
34.5	1.30541265345
35	1.42601686341
35.5	1.42601686341
36	1.4339039666
36.5	1.4339039666
37	1.53415039282
37.5	1.53415039282
38	1.5853924612
38.5	1.5853924612
39	1.54082107574
39.5	1.54082107574
40	1.57855828877
40.5	1.57855828877
41	1.47733971292
41.5	1.47733971292
42.0	1.47733971292
42.5	1.14152143845
43.0	1.14152143845
43.5	1.14152143845
44.0	1.14152143845
44.5	0.760930232558
45.0	0.760930232558
45.5	0.760930232558
46	0.934880313931
46.5	0.934880313931
47.0	0.934880313931
47.5	0.934880313931
48.0	0.934880313931
48.5	0.507691407678
49.0	0.507691407678
49.5	0.507691407678
50.0	0.507691407678
50.5	0.98154893617
51.0	0.98154893617
51.5	0.98154893617
52	0.983636599611
52.5	0.983636599611
53.0	0.983636599611
53.5	0.909740618828
54.0	0.909740618828
54.5	0.909740618828
55.0	0.909740618828
55.5	0.648831013917
56.0	0.648831013917
56.5	0.648831013917
57.0	0.648831013917
57.5	0.789932681868
58.0	0.789932681868
58.5	0.789932681868
59.0	0.789932681868
59.5	0.728219070905
60.0	0.728219070905
60.5	0.728219070905
61.0	0.728219070905
61.5	0.728219070905
62	0.652556107249
62.5	0.652556107249
63.0	0.652556107249
63.5	0.652556107249
64.0	0.652556107249
64.5	0.583881204922
65.0	0.583881204922
65.5	0.583881204922
66	0.874344914719
66.5	0.874344914719
67	1.15341969831
67.5	1.15341969831
68.0	1.15341969831
68.5	1.32750657895
69.0	1.32750657895
69.5	1.54628196721
70.0	1.54628196721
70.5	1.60605633803
71.0	1.60605633803
71.5	1.60605633803
72	1.7049244768
72.5	2.0535
73.0	2.0535
73.5	1.74172373081
74	1.60872727273
74.5	0.964189415042
75	1.01341614907
75.5	1.01341614907
76.0	1.01341614907
76.5	1.01341614907
77.0	1.01341614907
77.5	1.99220192308
78	2.30509329829
78.5	2.30509329829
79	1.90029026549
79.5	1.90029026549
80	1.68263926002
80.5	1.68263926002
81	1.39079069767
81.5	1.39079069767
82.0	1.39079069767
82.5	1.17527735369
83.0	1.17527735369
83.5	1.20481057269
84.0	1.20481057269
84.5	1.20481057269
85.0	1.20481057269
85.5	0.632786954235
86.0	0.632786954235
86.5	0.632786954235
87.0	0.632786954235
87.5	0.632786954235
88.0	0.632786954235
88.5	0.632786954235
89	0.469
89.5	0.469
90.0	0.469
90.5	0.469
91	0.861780501393
91.5	0.861780501393
92	1.76565694282
92.5	1.85366767372
93.0	1.85366767372
93.5	1.85366767372
94	1.50310086455
94.5	1.50310086455
95	1.22507865169
95.5	1.22507865169
96	1.51676663357
96.5	1.51676663357
97	1.48709832134
97.5	1.48709832134
98	1.55364016736
98.5	1.55364016736
99	2.13256957929
99.5	2.13256957929
100	1.54192910849
100.5	1.8000957265
101.0	1.8000957265
101.5	1.8000957265
102	1.15761689731
102.5	1.47329073482
103.0	1.47329073482
103.5	1.63133884298
104.0	1.63133884298
104.5	1.55703101604
105.0	1.55703101604
105.5	1.55703101604
106	1.40847719298
106.5	1.91035483871
107.0	1.91035483871
107.5	2.97929251701
108.0	2.97929251701
108.5	2.61785507246
109	2.43013580247
109.5	2.43809811321
110.0	2.43809811321
110.5	2.19791304348
111	2.27086780715
111.5	2.86811618257
112.0	2.86811618257
112.5	2.41608
113	2.16668769716
113.5	2.16668769716
114	1.98970596798
114.5	1.98970596798
115	1.51646235419
115.5	1.51646235419
116	1.84211023622
116.5	1.92683028721
117.0	1.92683028721
117.5	2.1743943662
118.0	2.1743943662
118.5	2.00563791009
119	1.71163017032
119.5	1.71163017032
120	1.89831606906
120.5	1.89831606906
121	2.25778211382
121.5	2.42804210526
122	2.4252544
122.5	2.4252544
123	2.39496707106
123.5	1.71094102228
124.0	1.71094102228
124.5	2.14927031019
125	2.22935329341
125.5	2.22935329341
126	1.99430652504
126.5	2.13365581395
127.0	2.13365581395
127.5	2.31452842809
128	2.39834686347
128.5	2.39834686347
129	2.39502670623
129.5	2.55387725632
130	2.61764200477
130.5	2.03625
131	2.26841646489
131.5	3.06656
132.0	3.06656
132.5	2.50246464646
133	2.43763380282
133.5	1.91952941176
134.0	1.91952941176
134.5	1.91952941176
135	2.28622344828
135.5	2.28622344828
136	2.37050810811
136.5	2.52626823529
137.0	2.52626823529
137.5	2.32888762447
138	2.15686557377
138.5	2.15686557377
139	2.36257800512
139.5	2.09974664107
140	2.27396597353
140.5	2.27396597353
141	2.81741090909
141.5	2.80743375681
142	2.83364794007
142.5	3.06016957606
143	2.98043428571
143.5	2.81233333333
144.0	2.81233333333
144.5	2.36437151703
145	2.19123674912
145.5	2.19123674912
146	2.12486409156
146.5	2.59946351085
147	2.53628268551
147.5	2.5132601432
148.0	2.5132601432
148.5	2.67577104377
149	2.79478787879
149.5	1.94474876847
150.0	1.94474876847
150.5	1.8980756193
151	2.04804081633
151.5	2.04804081633
152	2.18326267281
152.5	2.74131782946
153	2.39975890411
153.5	2.39975890411
154	2.6782339374
154.5	2.26906051873
155.0	2.26906051873
155.5	2.34092753623
156	2.47601632653
156.5	2.49175426621
157	2.53657247706
157.5	2.53657247706
158	2.58997856049
158.5	2.96691144708
159	2.99108971554
159.5	2.40340168067
160.0	2.40340168067
160.5	2.7850952381
161	3.13365605096
161.5	3.11097229219
162	3.12030245747
162.5	2.98717622081
163.0	2.98717622081
163.5	2.0537816092
164	1.78245956354
164.5	5.93984549356
165	5.87513178295
165.5	2.62717870722
166	2.06231911532
166.5	2.06231911532
167	2.1946546003
167.5	2.31243478261
168.0	2.31243478261
168.5	2.32610265487
169	2.3484778157
169.5	2.61148679245
170	2.71378705637
170.5	2.71378705637
171	2.9457080292
171.5	2.64457570093
172	2.59159090909
172.5	2.59159090909
173	2.54926802721
173.5	2.54926802721
174	2.21146153846
174.5	2.67831351351
175	2.60258646617
175.5	2.88778761062
176.0	2.88778761062
176.5	2.88778761062
177	3.08661452514
177.5	2.27224870466
178.0	2.27224870466
178.5	1.92758348294
179.0	1.92758348294
179.5	1.84786455982
180	2.04299378882
180.5	2.04299378882
181	2.90950551181
181.5	2.90950551181
182.0	0.787027338129
182.5	0.787027338129
183	1.55819689119
183.5	1.55819689119
184	1.76690535918
184.5	1.76690535918
185	2.50712479741
185.5	2.38294173228
186	2.4251541502
186.5	2.4251541502
187	2.83979673321
187.5	3.05477586207
188	3.19536401674
188.5	3.37940054496
189	3.44612529002
189.5	4.03240449438
190	4.00401520913
190.5	4.09641237113
191	4.15441441441
191.5	4.01053443526
192.0	4.01053443526
192.5	3.72543851508
193.0	3.56302267003
193.5	3.74321367521
194	3.60462971175
194.5	3.13690836653
195	3.4736344086
195.5	4.09881081081
196	4.06732033426
196.5	3.41341234568
197	3.36903585657
197.5	3.31806763285
198	3.29380240964
198.5	3.39673159145
199	3.61775257732
199.5	5.08948965517
200	5.12471369295
200.5	4.35591331269
201	3.67463239075
201.5	3.67463239075
202	1.82942819499
202.5	7.93604188482
203	7.33397752809
203.5	3.3220456621
204	3.44724074074
204.5	4.00685365854
205	4.00060465116
205.5	4.42200638978
206	4.42144217687
206.5	3.40558649789
207	2.68982509506
207.5	2.8340878553
208	2.21417475728
208.5	2.38385750636
209.0	2.38385750636
209.5	2.6435862069
210	3.136
210.5	3.03553488372
211.0	3.03553488372
211.5	3.03553488372
212	2.83820547945
212.5	2.83820547945
213	2.14709424725
213.5	2.14709424725
214	1.03535583414
214.5	4.74553043478
215	4.78432
215.5	4.78432
