0.0	1.22140813748
0.5	1.22140813748
1.0	1.22140813748
1.5	1.22140813748
2.0	1.22140813748
2.5	1.22140813748
3	0.737978965082
3.5	0.737978965082
4.0	0.737978965082
4.5	0.870773722628
5.0	0.870773722628
5.5	0.870773722628
6	1.45013994686
6.5	1.45013994686
7	1.07843278689
7.5	1.07843278689
8.0	1.07843278689
8.5	1.2203011889
9.0	1.2203011889
9.5	1.2203011889
10.0	1.2203011889
10.5	1.2203011889
11	0.47563826087
11.5	0.47563826087
12.0	0.47563826087
12.5	0.47563826087
13	0.668664813785
13.5	0.668664813785
14.0	0.668664813785
14.5	1.26496
15.0	1.26496
15.5	1.26496
16	1.00447792208
16.5	1.00447792208
17.0	1.00447792208
17.5	1.00447792208
18.0	1.00447792208
18.5	0.689999088007
19.0	0.689999088007
19.5	0.689999088007
20.0	0.664389821332
20.5	0.664389821332
21.0	0.664389821332
21.5	0.664389821332
22.0	0.664389821332
22.5	0.664389821332
23	0.567547334059
23.5	0.567547334059
24.0	0.567547334059
24.5	0.567547334059
25.0	0.567547334059
25.5	0.669856332703
26.0	0.669856332703
26.5	0.669856332703
27.0	0.669856332703
27.5	0.669856332703
28.0	0.669856332703
28.5	0.459363609023
29.0	0.459363609023
29.5	0.459363609023
30.0	0.459363609023
30.5	0.459363609023
31.0	0.459363609023
31.5	0.459363609023
32.0	0.459363609023
32.5	0.323569006001
33.0	0.323569006001
33.5	0.323569006001
34.0	0.323569006001
34.5	0.323569006001
35.0	0.323569006001
35.5	0.323569006001
36.0	0.323569006001
36.5	0.413611807296
37.0	0.413611807296
37.5	0.413611807296
38.0	0.413611807296
38.5	0.686420833333
39.0	0.686420833333
39.5	0.686420833333
40	0.9969
40.5	0.9969
41	1.03139666993
41.5	1.03139666993
42.0	1.03139666993
42.5	1.04980713342
43.0	1.04980713342
43.5	1.00030368764
44.0	1.00030368764
44.5	1.00030368764
45	0.962887804878
45.5	0.962887804878
46.0	0.962887804878
46.5	0.985662830061
47.0	0.985662830061
47.5	0.985662830061
48.0	0.985662830061
48.5	0.826383942357
49.0	0.826383942357
49.5	0.826383942357
50.0	0.826383942357
50.5	0.826383942357
51	0.690623906706
51.5	0.690623906706
52.0	0.690623906706
52.5	0.690623906706
53.0	0.690623906706
53.5	0.594835996636
54.0	0.594835996636
54.5	0.937807280514
55.0	0.937807280514
55.5	0.937807280514
56	0.907191964286
56.5	0.907191964286
57.0	0.907191964286
57.5	0.907191964286
58.0	0.907191964286
58.5	0.785400498753
59.0	0.785400498753
59.5	0.785400498753
60.0	0.785400498753
60.5	0.573034146341
61.0	0.573034146341
61.5	0.573034146341
62.0	0.573034146341
62.5	0.573034146341
63.0	0.573034146341
63.5	0.573034146341
64	0.35926798934
64.5	0.35926798934
65.0	0.35926798934
65.5	0.35926798934
66.0	0.35926798934
66.5	0.35926798934
67.0	0.35926798934
67.5	0.35926798934
68.0	0.35926798934
68.5	0.35926798934
69.0	0.35926798934
69.5	0.273439700375
70.0	0.273439700375
70.5	0.273439700375
71.0	0.273439700375
71.5	0.273439700375
72.0	0.273439700375
72.5	0.273439700375
73.0	0.273439700375
73.5	0.273439700375
74.0	0.273439700375
74.5	0.28450956987
75.0	0.28450956987
75.5	0.28450956987
76.0	0.28450956987
76.5	0.28450956987
77.0	0.28450956987
77.5	0.28450956987
78.0	0.28450956987
78.5	0.28450956987
79.0	0.28450956987
79.5	0.28450956987
80.0	0.28450956987
80.5	0.308173469388
81.0	0.308173469388
81.5	0.308173469388
82.0	0.308173469388
82.5	0.308173469388
83.0	0.308173469388
83.5	0.308173469388
84.0	0.308173469388
84.5	0.308173469388
85.0	0.308173469388
85.5	0.308173469388
86	0.260561456753
86.5	0.260561456753
87.0	0.260561456753
87.5	0.260561456753
88.0	0.260561456753
88.5	0.260561456753
89	0.441371649984
89.5	0.441371649984
90.0	0.441371649984
90.5	1.03325433526
91.0	1.03325433526
91.5	1.03325433526
92	1.13566990291
92.5	1.13566990291
93.0	1.13566990291
93.5	1.07263953488
94.0	1.07263953488
94.5	0.985679169992
95.0	0.985679169992
95.5	0.985679169992
96.0	0.985679169992
96.5	1.08523339908
97.0	1.08523339908
97.5	1.02398835517
98.0	1.02398835517
98.5	1.02398835517
99.0	1.02398835517
99.5	1.02398835517
100.0	1.02398835517
100.5	1.02398835517
101	0.481776879002
101.5	0.481776879002
102.0	0.481776879002
102.5	0.481776879002
103	0.752186348862
103.5	0.752186348862
104	1.26854628781
104.5	1.26854628781
105	1.46878294574
105.5	1.46878294574
106.0	1.27953333333
106.5	1.27953333333
107.0	1.27953333333
107.5	1.27360780488
108.0	1.27360780488
108.5	1.218639866
109.0	1.218639866
109.5	1.218639866
110	1.26957203751
110.5	1.26957203751
111	1.34933059548
111.5	1.34933059548
112	1.38451509054
112.5	1.38451509054
113	1.35296969697
113.5	1.35296969697
114.0	1.35296969697
114.5	1.2769194499
115.0	1.2769194499
115.5	1.38324592973
116.0	1.38324592973
116.5	1.38324592973
117	1.04803555556
117.5	1.04803555556
118.0	1.54094594595
118.5	1.54094594595
119.0	1.54094594595
119.5	1.54094594595
120	1.31951549296
120.5	1.31951549296
121	1.35024657534
121.5	1.35024657534
122	1.2386565911
122.5	1.38792156863
123	1.33646332046
123.5	1.36535564854
124.0	1.36535564854
124.5	1.36535564854
125.0	1.36535564854
125.5	1.36535564854
126	1.71941078838
126.5	1.71941078838
127	1.63027509294
127.5	1.74296103896
128.0	1.74296103896
128.5	1.74296103896
129	1.21095266272
129.5	1.21095266272
130	1.48163063063
130.5	1.48163063063
131.0	1.48163063063
131.5	1.48163063063
132	1.13068298654
132.5	1.13068298654
133	1.19952631579
133.5	1.19952631579
134	1.18515073892
134.5	1.18515073892
135	1.40360144928
135.5	1.40360144928
136.0	1.40360144928
136.5	1.10177777778
137.0	1.10177777778
137.5	1.10177777778
138	1.34384369449
138.5	1.34384369449
139	1.35444591611
139.5	1.35444591611
140	1.30830100334
140.5	1.30830100334
141.0	1.30830100334
141.5	1.29090710383
142.0	1.29090710383
142.5	1.37478307831
143.0	1.37478307831
143.5	1.41096700796
144.0	1.41096700796
144.5	1.41052231719
145.0	1.41052231719
145.5	1.37427320125
146.0	1.37427320125
146.5	1.37427320125
147	1.24073984443
147.5	1.24073984443
148	1.32459874214
148.5	1.32459874214
149	1.31791708126
149.5	1.31791708126
150	1.30449787836
150.5	1.30449787836
151	1.46036004932
151.5	1.46036004932
152	1.51019087137
152.5	1.51019087137
153.0	1.51019087137
153.5	1.18586706056
154.0	1.18586706056
154.5	1.37059209257
155.0	1.37059209257
155.5	1.24847308032
156.0	1.24847308032
156.5	1.2862143906
157.0	1.2862143906
157.5	1.49557313707
158.0	1.49557313707
158.5	1.62175901133
159.0	1.62175901133
159.5	1.4294159292
160.0	1.4294159292
160.5	1.28386031746
161.0	1.28386031746
161.5	1.28386031746
162	1.41626382153
162.5	1.41626382153
163	1.37555422886
163.5	1.37555422886
164.0	1.37555422886
164.5	1.33801898734
165.0	1.33801898734
165.5	1.39885947047
166.0	1.39885947047
166.5	1.22374932856
167.0	1.22374932856
167.5	1.22374932856
168	1.20575379427
168.5	1.20575379427
169	1.227
169.5	1.227
170.0	1.227
170.5	1.35657352941
171.0	1.35657352941
171.5	1.35657352941
172	0.807754087639
172.5	0.807754087639
173.0	0.807754087639
173.5	1.19611594203
174.0	1.19611594203
174.5	1.39579365079
175.0	1.39579365079
175.5	1.2376034632
176.0	1.2376034632
176.5	1.59418599311
177.0	1.59418599311
177.5	1.75409885932
178.0	1.75409885932
178.5	1.42460902256
179.0	1.42460902256
179.5	1.42460902256
180	1.45923548046
180.5	1.5215011655
181.0	1.5215011655
181.5	1.5215011655
182.0	1.5215011655
182.5	1.5215011655
183	0.709091617934
183.5	0.709091617934
184.0	0.709091617934
184.5	0.709091617934
185	0.787940740741
185.5	0.787940740741
186.0	0.787940740741
186.5	0.998668693009
187.0	0.998668693009
187.5	1.12160391198
188.0	1.12160391198
188.5	1.12160391198
189	1.17395080577
189.5	1.17395080577
190.0	1.17395080577
190.5	1.02193710692
191.0	1.02193710692
191.5	1.02193710692
192	0.924540664376
192.5	0.924540664376
193.0	0.924540664376
193.5	1.02748583878
194.0	1.02748583878
194.5	1.26213118527
195	1.49547540984
195.5	1.49547540984
196.0	1.49547540984
196.5	1.34993659942
197.0	1.34993659942
197.5	1.41533538462
198.0	1.41533538462
198.5	1.41533538462
199.0	1.35750136986
199.5	1.5181754386
200	1.52843091335
200.5	1.52843091335
201.0	1.52843091335
201.5	1.52843091335
202.0	1.52843091335
202.5	1.52843091335
203.0	1.52843091335
203.5	0.90972118551
204.0	0.90972118551
204.5	0.90972118551
205.0	0.90972118551
205.5	0.90972118551
206.0	0.90972118551
206.5	0.652838109416
207.0	0.652838109416
207.5	0.652838109416
208.0	0.652838109416
208.5	0.652838109416
209	0.504067605634
209.5	0.504067605634
210.0	0.504067605634
210.5	0.504067605634
211.0	0.504067605634
211.5	0.669067429506
212.0	0.669067429506
212.5	0.669067429506
213.0	0.669067429506
213.5	0.669067429506
214	0.546155251142
214.5	0.546155251142
215.0	0.546155251142
215.5	0.546155251142
216.0	0.546155251142
216.5	0.546155251142
217.0	0.546155251142
217.5	0.546155251142
218	0.470470078941
218.5	0.470470078941
219.0	0.470470078941
219.5	0.470470078941
220.0	0.470470078941
220.5	0.470470078941
221.0	0.470470078941
221.5	0.297193154034
222.0	0.297193154034
222.5	0.297193154034
223.0	0.297193154034
223.5	0.694130409694
224.0	0.694130409694
224.5	0.694130409694
225	0.99204609475
225.5	0.99204609475
226.0	0.99204609475
226.5	0.99204609475
227	0.837064935065
227.5	0.837064935065
228.0	0.837064935065
228.5	0.837064935065
229	0.783213250518
229.5	0.783213250518
230.0	0.783213250518
230.5	1.05423367698
231.0	1.05423367698
231.5	1.05423367698
232	1.01408165911
232.5	1.01408165911
233.0	1.01408165911
233.5	1.15613050571
234.0	1.15613050571
234.5	1.15613050571
235	0.953423220974
235.5	0.953423220974
236	1.11132616487
236.5	1.11132616487
237.0	1.11132616487
237.5	1.05041018388
238.0	1.05041018388
238.5	1.05041018388
239	1.01849149923
239.5	1.01849149923
240.0	1.01849149923
240.5	1.09415853659
241.0	1.09415853659
241.5	1.18855079007
242.0	1.18855079007
242.5	1.18855079007
243	1.10992178771
243.5	1.10992178771
244	1.03048044693
244.5	1.03048044693
245	1.184352
245.5	1.184352
246.0	1.184352
246.5	1.1418227451
247.0	1.1418227451
247.5	1.1418227451
248	1.05984422442
248.5	1.05984422442
249.0	1.05984422442
249.5	1.01449250535
250.0	1.01449250535
250.5	1.01449250535
251	0.939256308101
251.5	0.939256308101
252	0.994224744608
252.5	0.994224744608
253.0	0.994224744608
253.5	0.994224744608
254	0.95516333725
254.5	0.95516333725
255.0	0.95516333725
255.5	1.08902351314
256.0	1.08902351314
256.5	1.08902351314
257	1.07772477064
257.5	1.07772477064
258	1.136
258.5	1.136
259.0	1.136
259.5	0.952490541422
260.0	0.952490541422
260.5	0.952490541422
261.0	0.952490541422
261.5	0.831288033674
262.0	0.831288033674
262.5	0.831288033674
263.0	0.831288033674
263.5	0.801543127962
264.0	0.801543127962
264.5	0.801543127962
265.0	0.801543127962
265.5	0.782277904328
266.0	0.782277904328
266.5	0.782277904328
267.0	0.782277904328
267.5	0.782277904328
268	0.52332618683
268.5	0.52332618683
269.0	0.52332618683
269.5	0.52332618683
270	0.812513636364
270.5	0.812513636364
271.0	0.812513636364
271.5	0.879503759398
272.0	0.879503759398
272.5	0.879503759398
273.0	0.879503759398
273.5	0.75612295082
274.0	0.75612295082
274.5	0.75612295082
275.0	0.75612295082
275.5	0.75612295082
276	0.606609037328
276.5	0.606609037328
277.0	0.606609037328
277.5	0.606609037328
278	0.777503532737
278.5	0.777503532737
279.0	0.777503532737
279.5	0.777503532737
280	0.785133928571
280.5	0.785133928571
281.0	0.785133928571
281.5	1.1435456
282.0	1.1435456
282.5	1.1435456
283	0.958933701657
283.5	0.958933701657
284	1.11163373494
284.5	1.11163373494
285.0	1.11163373494
285.5	1.11163373494
286.0	1.11163373494
286.5	0.770998982706
287.0	0.770998982706
287.5	0.770998982706
288.0	0.770998982706
288.5	0.669523255814
289.0	0.669523255814
289.5	0.669523255814
290.0	0.669523255814
290.5	0.648831013917
291.0	0.648831013917
291.5	0.648831013917
292.0	0.648831013917
292.5	0.753524598654
293.0	0.753524598654
293.5	0.753524598654
294	1.03130747922
294.5	1.03130747922
295.0	1.03130747922
295.5	1.02675625
296.0	1.02675625
296.5	1.02675625
297	0.907788918206
297.5	0.907788918206
298.0	0.907788918206
298.5	0.907788918206
299	0.862897755611
299.5	0.862897755611
300.0	0.862897755611
300.5	0.812948092558
301.0	0.812948092558
301.5	0.812948092558
302.0	0.812948092558
302.5	0.810772476143
303.0	0.810772476143
303.5	0.810772476143
304.0	0.810772476143
304.5	0.848230215827
305.0	0.848230215827
305.5	0.848230215827
306.0	0.848230215827
306.5	0.848230215827
307	0.429945903567
307.5	0.429945903567
308	0.526089965398
308.5	0.526089965398
309.0	0.526089965398
309.5	0.526089965398
310.0	0.526089965398
310.5	0.526089965398
311.0	0.526089965398
311.5	0.53049603624
312.0	0.53049603624
312.5	0.53049603624
313.0	0.53049603624
313.5	0.811259259259
314.0	0.811259259259
314.5	0.811259259259
315	1.13830246914
