0.0	1.25405085625
0.5	1.25405085625
1.0	1.25405085625
1.5	1.25405085625
2.0	1.25405085625
2.5	0.941081545064
3.0	0.941081545064
3.5	0.941081545064
4	0.932809730669
4.5	0.932809730669
5.0	0.932809730669
5.5	1.19766495977
6.0	1.19766495977
6.5	1.28736594912
7.0	1.28736594912
7.5	1.28736594912
8	1.2300505992
8.5	1.2300505992
9	1.66004248862
9.5	1.64559233926
10.0	1.64559233926
10.5	1.64559233926
11	1.62599790136
11.5	1.62599790136
12	1.60300103627
12.5	1.60300103627
13	1.75338122827
13.5	1.77587264834
14.0	1.77587264834
14.5	1.64535015773
15.0	1.64535015773
15.5	1.67148113208
16.0	1.67148113208
16.5	1.66927213115
17.0	1.66927213115
17.5	1.64706507304
18.0	1.64706507304
18.5	1.63397139714
19.0	1.63397139714
19.5	1.69617503218
20.0	1.69617503218
20.5	1.57232858708
21	1.66359557662
21.5	1.66359557662
22	1.91494939759
22.5	2.50619565217
23	2.4674
23.5	2.35952025932
24.0	2.35952025932
24.5	1.98230123457
25.0	1.98230123457
25.5	1.94167213115
26	2.18290123457
26.5	2.18290123457
27	1.45742429285
27.5	1.45742429285
28.0	1.45742429285
28.5	1.11501234568
29.0	1.11501234568
29.5	1.52442207164
30.0	1.52442207164
30.5	1.19205904059
31.0	1.19205904059
31.5	1.47957073171
32.0	1.47957073171
32.5	1.52737238494
33.0	1.52737238494
33.5	1.4753810032
34.0	1.4753810032
34.5	1.7635620438
35.0	1.7635620438
35.5	1.84634408602
36.0	1.84634408602
36.5	1.65688242424
37.0	1.65688242424
37.5	2.05463218391
38	1.66116923077
38.5	1.66116923077
39	1.73641411765
39.5	1.73641411765
40	1.8913568147
40.5	1.8913568147
41	2.01543345543
41.5	2.29520391517
42.0	2.29520391517
42.5	1.96081207133
43.0	1.96081207133
43.5	1.48984549356
44	2.08745701357
44.5	2.08745701357
45	1.81531017964
45.5	1.81531017964
46	1.86490688259
46.5	1.94263095238
47.0	1.94263095238
47.5	2.03504335664
48	2.16454651163
48.5	2.16454651163
49	2.05994984326
49.5	2.05994984326
50	1.36528571429
50.5	1.36528571429
51	1.71510285006
51.5	1.84122379603
52.0	1.84122379603
52.5	1.84064766249
53.0	1.84064766249
53.5	1.73600981595
54.0	1.73600981595
54.5	1.95759656652
55.0	1.95759656652
55.5	1.95759656652
56	1.83877526987
56.5	1.83877526987
57	1.53498553949
57.5	1.53498553949
58	1.50147878788
58.5	1.47295319149
59	1.53201877934
59.5	1.53201877934
60.0	1.53201877934
60.5	1.53201877934
61.0	1.53201877934
61.5	1.53615569972
62.0	1.53615569972
62.5	1.90257700651
63.0	1.90257700651
63.5	1.33540298507
64.0	1.33540298507
64.5	1.32460194175
65.0	1.32460194175
65.5	1.27489147287
66.0	1.27489147287
66.5	1.27489147287
67	1.3310778098
67.5	1.3310778098
68.0	1.3310778098
68.5	1.10725506073
69.0	1.10725506073
69.5	1.2865540107
70.0	1.2865540107
70.5	1.6362998944
71	2.11324590164
71.5	2.11324590164
72.0	2.11324590164
72.5	1.46624806202
73.0	1.46624806202
73.5	1.33819847328
74.0	1.33819847328
74.5	1.53254456415
75.0	1.53254456415
75.5	1.42597183099
76.0	1.42597183099
76.5	1.42597183099
77	1.2248468324
77.5	1.2248468324
78	1.35102396514
78.5	1.35102396514
79	1.47349206349
79.5	1.47349206349
80	1.4156047261
80.5	1.4156047261
81	1.49379396462
81.5	1.49379396462
82	1.56239762611
82.5	1.56239762611
83	1.61361218274
83.5	1.67992714026
84.0	1.67992714026
84.5	1.43557818182
85.0	1.43557818182
85.5	1.53567932489
86.0	1.53567932489
86.5	1.4744389348
87.0	1.4744389348
87.5	1.4744389348
88	1.27015549598
88.5	1.27015549598
89	1.17778517902
89.5	1.17778517902
90	1.06429161604
90.5	1.06429161604
91.0	1.06429161604
91.5	1.06429161604
92	1.05222524272
92.5	1.05222524272
93	1.44869181233
93.5	1.44869181233
94.0	1.44869181233
94.5	1.44869181233
95	0.658945436002
95.5	0.658945436002
96.0	0.658945436002
96.5	0.658945436002
97	0.646720682303
97.5	0.646720682303
98.0	0.646720682303
98.5	1.08321068249
99.0	1.08321068249
99.5	1.24880939476
100.0	1.24880939476
100.5	1.24880939476
101	1.23901538462
101.5	1.23901538462
102.0	1.23901538462
102.5	1.13153212521
103.0	1.13153212521
103.5	1.13153212521
104	0.892833442195
104.5	0.892833442195
105.0	0.892833442195
105.5	0.892833442195
106.0	0.892833442195
106.5	0.601102984447
107.0	0.601102984447
107.5	0.601102984447
108.0	0.601102984447
108.5	0.700443113772
109.0	0.700443113772
109.5	0.700443113772
110.0	0.700443113772
110.5	0.700443113772
111.0	0.700443113772
111.5	0.700443113772
112.0	0.700443113772
112.5	0.700443113772
113	0.362730892111
113.5	0.362730892111
114.0	0.362730892111
114.5	0.362730892111
115	0.538620148277
115.5	0.538620148277
116.0	0.538620148277
116.5	0.538620148277
117.0	0.538620148277
117.5	0.715802254987
118.0	0.715802254987
118.5	0.715802254987
119.0	0.715802254987
119.5	0.842995805872
120.0	0.842995805872
120.5	0.842995805872
121	0.916890314304
121.5	0.916890314304
122.0	0.916890314304
122.5	0.952356652949
123.0	0.952356652949
123.5	0.952356652949
124	1.05486585366
124.5	1.05486585366
125.0	1.05486585366
125.5	1.00449569251
126.0	1.00449569251
126.5	1.00449569251
127.0	1.00449569251
127.5	0.656482660333
128.0	0.656482660333
128.5	0.656482660333
129.0	0.656482660333
129.5	0.656482660333
130	0.601866297833
130.5	0.601866297833
131.0	0.601866297833
131.5	1.00487292818
132.0	1.00487292818
132.5	1.00487292818
133	1.1014852071
133.5	1.1014852071
134.0	1.1014852071
134.5	1.06244785772
135.0	1.06244785772
135.5	1.06244785772
136	0.960368457781
136.5	0.960368457781
137.0	0.960368457781
137.5	0.826814814815
138.0	0.826814814815
138.5	0.826814814815
139.0	0.826814814815
139.5	0.817035826524
140.0	0.817035826524
140.5	0.817035826524
141.0	0.817035826524
141.5	0.855457339693
142.0	0.855457339693
142.5	0.855457339693
143	0.924737254902
143.5	0.924737254902
144.0	0.924737254902
144.5	0.80057810219
145	0.807292035398
145.5	0.807292035398
146.0	0.807292035398
146.5	0.807292035398
147.0	0.807292035398
147.5	0.794956300382
148.0	0.794956300382
148.5	0.794956300382
149.0	0.794956300382
149.5	0.840921389397
150.0	0.840921389397
150.5	0.840921389397
151.0	0.840921389397
151.5	0.624836933503
152.0	0.624836933503
152.5	0.624836933503
153	0.524325925926
153.5	0.561011345219
154.0	0.561011345219
154.5	0.686989473684
155.0	0.686989473684
155.5	0.686989473684
156.0	0.686989473684
156.5	0.686989473684
157.0	0.686989473684
157.5	1.22325608856
158.0	1.22325608856
158.5	1.22325608856
159.0	1.22325608856
159.5	0.981631785115
160.0	0.981631785115
160.5	1.14585272145
161.0	1.14585272145
161.5	1.14585272145
162.0	1.14585272145
162.5	1.14585272145
163	0.668794117647
163.5	0.668794117647
164.0	0.668794117647
164.5	0.668794117647
165	0.75875893887
165.5	0.75875893887
166.0	0.75875893887
166.5	0.75875893887
167.0	0.75875893887
167.5	0.675515904936
168.0	0.675515904936
168.5	0.675515904936
169	0.96046356453
169.5	0.96046356453
170	1.11073684211
170.5	1.11073684211
171.0	1.11073684211
171.5	1.11073684211
172	0.921269916766
172.5	0.921269916766
173.0	0.921269916766
173.5	0.921269916766
174	0.752747445255
174.5	0.752747445255
175.0	0.752747445255
175.5	0.752747445255
176.0	0.752747445255
176.5	0.590619828259
177.0	0.590619828259
177.5	0.590619828259
178.0	0.590619828259
178.5	0.590619828259
179.0	0.503540418547
179.5	0.503540418547
180.0	0.503540418547
180.5	0.503540418547
181.0	0.503540418547
181.5	0.776925521351
182.0	0.776925521351
182.5	1.13848674699
183.0	1.13848674699
183.5	1.13848674699
184.0	1.13848674699
184.5	0.904848341232
185.0	0.904848341232
185.5	1.07659722222
186.0	1.07659722222
186.5	1.07659722222
187	1.31440707965
187.5	1.31440707965
188	1.31661138861
188.5	1.31661138861
189.0	1.31661138861
189.5	1.30740983607
190.0	1.30740983607
190.5	1.07674437628
191.0	1.07674437628
191.5	1.21143902439
192.0	1.21143902439
192.5	1.17338422392
193.0	1.17338422392
193.5	1.16112941176
194.0	1.16112941176
194.5	1.16112941176
195	1.08239702602
195.5	1.08239702602
196.0	1.08239702602
196.5	1.29384689766
197.0	1.29384689766
197.5	1.29384689766
198	1.13613429257
198.5	1.13613429257
199	1.48740273396
199.5	1.48740273396
200	1.29190560472
200.5	1.29190560472
201.0	1.29190560472
201.5	1.05222524272
202.0	1.05222524272
202.5	1.05222524272
203	1.06472481406
203.5	1.06472481406
204.0	1.06472481406
204.5	0.856891246684
205.0	0.856891246684
205.5	0.856891246684
206	0.842533333333
206.5	0.842533333333
207.0	0.842533333333
207.5	0.996021828104
208.0	0.996021828104
208.5	0.996021828104
209.0	0.996021828104
209.5	0.865643080776
210.0	0.865643080776
210.5	0.865643080776
211	1.17857560976
211.5	1.17857560976
212	1.17308283518
212.5	1.17308283518
213.0	1.17308283518
213.5	1.00141245421
214.0	1.00141245421
214.5	1.00141245421
215	1.04229154519
215.5	1.04229154519
216.0	1.04229154519
216.5	1.04229154519
217	0.882267756128
217.5	0.882267756128
218.0	0.882267756128
218.5	1.07341963636
219.0	1.07341963636
219.5	1.24879271992
220.0	1.24879271992
220.5	1.24879271992
221	0.913975636766
221.5	0.913975636766
222.0	0.913975636766
222.5	0.913975636766
223	0.750378666667
223.5	0.750378666667
224.0	0.750378666667
224.5	0.750378666667
225.0	0.750378666667
225.5	0.68855105973
226.0	0.68855105973
226.5	0.68855105973
227.0	0.68855105973
227.5	0.68855105973
228.0	0.68855105973
228.5	0.68855105973
229	0.402008106543
229.5	0.402008106543
230.0	0.402008106543
230.5	1.05245931559
231.0	1.05245931559
231.5	1.05245931559
232	0.932216482165
232.5	0.932216482165
233.0	0.932216482165
233.5	0.932216482165
234	0.866936010038
234.5	0.866936010038
235	1.06306840391
235.5	1.06306840391
236.0	1.06306840391
236.5	0.985810298103
237.0	0.985810298103
237.5	0.985810298103
238.0	0.985810298103
238.5	0.924399751707
239.0	0.924399751707
239.5	0.924399751707
240.0	0.924399751707
240.5	0.924399751707
241	0.532084210526
241.5	0.532084210526
242.0	0.532084210526
242.5	1.0751625
243.0	1.0751625
243.5	1.0751625
244	0.992889526542
244.5	0.992889526542
245.0	0.992889526542
245.5	0.749224207493
246.0	0.749224207493
246.5	0.749224207493
247.0	0.749224207493
247.5	0.843830632514
248.0	0.843830632514
248.5	0.843830632514
249	1.0464852071
249.5	1.0464852071
250.0	1.0464852071
250.5	0.920900083963
251	0.998074398249
251.5	0.998074398249
252.0	0.998074398249
252.5	0.998074398249
253.0	0.998074398249
253.5	0.998074398249
254.0	0.998074398249
254.5	0.998074398249
255	0.467726410384
255.5	0.467726410384
256.0	0.467726410384
256.5	0.467726410384
257.0	0.467726410384
257.5	0.625828571429
258.0	0.625828571429
258.5	0.625828571429
259.0	0.625828571429
259.5	0.697513002364
260	0.960248062016
260.5	1.03947147147
261.0	1.03947147147
261.5	1.07874380165
262.0	1.07874380165
262.5	1.07874380165
263.0	1.07874380165
263.5	1.07874380165
264.0	1.07874380165
264.5	0.85262962963
265.0	0.85262962963
265.5	0.85262962963
266.0	0.85262962963
266.5	0.85262962963
267	0.854445202143
267.5	0.854445202143
268.0	0.854445202143
268.5	0.829084169884
269.0	0.829084169884
269.5	0.829084169884
270.0	0.829084169884
270.5	0.723787798408
271.0	0.723787798408
271.5	0.723787798408
272.0	0.723787798408
272.5	0.723787798408
273.0	0.723787798408
273.5	0.480353413655
274.0	0.480353413655
274.5	0.480353413655
275.0	0.480353413655
275.5	0.480353413655
276.0	0.480353413655
276.5	0.480353413655
277.0	0.480353413655
277.5	0.488636868553
278.0	0.488636868553
278.5	0.488636868553
279	0.68245040549
279.5	0.68245040549
280.0	0.68245040549
280.5	0.68245040549
281.0	0.68245040549
281.5	0.513194539249
282.0	0.513194539249
282.5	0.513194539249
283.0	0.975189427313
283.5	0.975189427313
284.0	0.975189427313
284.5	0.975189427313
285	0.854638674033
285.5	0.854638674033
286.0	0.854638674033
286.5	1.0135083724
287.0	1.0135083724
287.5	1.0135083724
288	1.09859265891
288.5	1.09859265891
289.0	1.09859265891
289.5	1.08435758836
290.0	1.08435758836
290.5	1.08435758836
291	1.09452972973
291.5	1.09452972973
292.0	1.09452972973
292.5	1.12060454879
293.0	1.12060454879
293.5	1.15802054155
294.0	1.15802054155
294.5	1.42952839269
295.0	1.42952839269
295.5	1.42952839269
296	1.18946570397
296.5	1.18946570397
297.0	1.18946570397
297.5	1.06178698225
298.0	1.06178698225
298.5	0.949554553652
299.0	0.949554553652
299.5	0.949554553652
300.0	0.949554553652
300.5	0.89042464986
301.0	0.89042464986
301.5	0.765377593361
302.0	0.765377593361
302.5	0.765377593361
303.0	0.765377593361
303.5	0.663131019037
304.0	0.663131019037
304.5	0.663131019037
305.0	0.663131019037
305.5	0.663131019037
306	0.622945656825
306.5	0.622945656825
307.0	0.622945656825
307.5	0.622945656825
308	0.783250731707
308.5	0.783250731707
309.0	0.783250731707
309.5	0.989766016713
310.0	0.989766016713
310.5	0.989766016713
311	1.05640029873
311.5	1.05640029873
312	0.940829215897
312.5	0.940829215897
313.0	0.940829215897
313.5	0.940829215897
314	0.996743102391
314.5	0.996743102391
315.0	0.996743102391
