0.0	0.877471314452
0.5	0.877471314452
1.0	0.877471314452
1.5	0.877471314452
2.0	0.877471314452
2.5	0.903748583205
3.0	0.903748583205
3.5	0.903748583205
4	1.08232258065
4.5	1.08232258065
5.0	1.08232258065
5.5	1.08232258065
6	0.831070050761
6.5	0.831070050761
7.0	0.831070050761
7.5	1.02308553655
8.0	1.02308553655
8.5	1.02308553655
9	1.28568963118
9.5	1.54952974504
10.0	1.54952974504
10.5	1.40528971963
11.0	1.40528971963
11.5	1.40528971963
12	1.07460194175
12.5	1.07460194175
13.0	1.07460194175
13.5	1.07460194175
14.0	1.07460194175
14.5	0.755689301417
15.0	0.755689301417
15.5	0.755689301417
16.0	0.755689301417
16.5	0.747612648221
17.0	0.747612648221
17.5	1.02602675585
18.0	1.02602675585
18.5	1.02602675585
19.0	1.02602675585
19.5	1.02602675585
20	0.703564748201
20.5	0.703564748201
21.0	0.703564748201
21.5	0.703564748201
22.0	0.703564748201
22.5	0.622492753623
23.0	0.622492753623
23.5	0.622492753623
24.0	0.622492753623
24.5	0.622492753623
25	0.644737864078
25.5	0.644737864078
26.0	0.644737864078
26.5	0.644737864078
27	0.679211391019
27.5	0.679211391019
28.0	0.679211391019
28.5	0.888856971873
29.0	0.888856971873
29.5	1.44351369113
30.0	1.44351369113
30.5	1.42981673307
31.0	1.42981673307
31.5	1.47486834734
32.0	1.47486834734
32.5	1.47486834734
33	1.15761689731
33.5	1.15761689731
34	1.02589543938
34.5	1.02589543938
35	1.21223336745
35.5	1.21223336745
36.0	1.21223336745
36.5	1.20915614618
37.0	1.20915614618
37.5	1.20915614618
38	1.0299320077
38.5	1.0299320077
39.0	1.0299320077
39.5	1.0299320077
40.0	1.0299320077
40.5	0.556283365949
41.0	0.556283365949
41.5	0.556283365949
42	1.01910662824
42.5	1.01910662824
43	1.12296410256
43.5	1.12296410256
44.0	1.12296410256
44.5	1.38121325404
45.0	1.38121325404
45.5	1.38134035088
46.0	1.38134035088
46.5	1.25577453839
47.0	1.25577453839
47.5	1.25577453839
48	1.04590344828
48.5	1.04590344828
49.0	1.04590344828
49.5	1.04590344828
50.0	1.04590344828
50.5	1.04590344828
51	0.52524028777
51.5	0.52524028777
52.0	0.52524028777
52.5	0.52524028777
53	0.657049429658
53.5	0.657049429658
54.0	0.657049429658
54.5	0.657049429658
55.0	0.657049429658
55.5	0.657049429658
56	0.590728606357
56.5	0.590728606357
57.0	0.590728606357
57.5	0.590728606357
58.0	0.590728606357
58.5	0.590728606357
59	0.502259597806
59.5	0.502259597806
60.0	0.502259597806
60.5	0.927359565807
61.0	0.927359565807
61.5	0.927359565807
62	0.923191736604
62.5	0.923191736604
63.0	0.923191736604
63.5	0.923191736604
64	0.745453000531
64.5	0.745453000531
65.0	0.745453000531
65.5	0.949165273312
66.0	0.949165273312
66.5	0.949165273312
67	1.08528646749
67.5	1.08528646749
68.0	1.08528646749
68.5	1.31629984051
69.0	1.31629984051
69.5	1.31629984051
70	0.758060344828
70.5	0.758060344828
71.0	0.758060344828
71.5	0.758060344828
72.0	0.758060344828
72.5	0.758060344828
73	0.510876340243
73.5	0.510876340243
74.0	0.510876340243
74.5	0.510876340243
75.0	0.510876340243
75.5	0.510876340243
76.0	0.510876340243
76.5	0.429222874807
77.0	0.429222874807
77.5	0.429222874807
78	1.04688653555
78.5	1.04688653555
79.0	1.04688653555
79.5	1.04688653555
80	0.693405306496
80.5	0.693405306496
81.0	0.693405306496
81.5	0.693405306496
82	0.694420100503
82.5	0.694420100503
83.0	0.694420100503
83.5	0.694420100503
84.0	0.694420100503
84.5	0.694420100503
85.0	0.694420100503
85.5	0.694420100503
86	0.377843125904
86.5	0.377843125904
87.0	0.377843125904
87.5	0.377843125904
88.0	0.377843125904
88.5	0.377843125904
89.0	0.377843125904
89.5	0.377843125904
90.0	0.377843125904
90.5	0.315767361111
91.0	0.315767361111
91.5	0.315767361111
92.0	0.315767361111
92.5	0.727863147605
93.0	0.727863147605
93.5	0.727863147605
94	1.04720956175
94.5	1.04720956175
95.0	1.04720956175
95.5	1.16925063721
96.0	1.16925063721
96.5	1.11261093248
97.0	1.11261093248
97.5	1.11261093248
98.0	1.11261093248
98.5	0.825860228717
99.0	0.825860228717
99.5	0.825860228717
100.0	0.825860228717
100.5	0.825860228717
101	0.66320788825
101.5	0.66320788825
102.0	1.07674885845
102.5	1.07674885845
103.0	1.07674885845
103.5	0.87463476874
104	0.942396694215
104.5	0.942396694215
105.0	0.942396694215
105.5	0.942396694215
106.0	0.942396694215
106.5	0.942396694215
107.0	0.942396694215
107.5	0.545159150422
108.0	0.545159150422
108.5	0.545159150422
109.0	0.545159150422
109.5	0.545159150422
110.0	0.545159150422
110.5	0.545159150422
111.0	0.545159150422
111.5	0.365259925887
112.0	0.365259925887
112.5	1.51773662551
113	1.42381609195
113.5	1.39013654618
114	2.16823920266
114.5	2.16823920266
115.0	2.16823920266
115.5	2.33452394366
116.0	2.33452394366
116.5	2.05889201878
117	1.98826666667
117.5	1.98826666667
118	2.09361636829
118.5	2.28022183709
119.0	2.28022183709
119.5	2.28022183709
120	1.76967049808
120.5	1.98542286751
121.0	1.98542286751
121.5	1.80079041916
122	1.79349074074
122.5	1.79349074074
123	2.02738663172
123.5	2.02738663172
124	2.4210688
124.5	2.35533205374
125	2.38162557078
125.5	2.38162557078
126	2.54473249551
126.5	2.54564
127	2.58922755741
127.5	2.58922755741
128	2.41508943089
128.5	2.57911545988
129	2.88260240964
129.5	2.75669109948
130	2.61415789474
130.5	2.59797183099
131	2.59157986871
131.5	2.59157986871
132	2.41831229236
132.5	2.19653077975
133.0	2.19653077975
133.5	1.63368275862
134.0	1.63368275862
134.5	1.63368275862
135.0	1.63368275862
135.5	1.63368275862
136	0.701646825397
136.5	0.701646825397
137.0	0.701646825397
137.5	0.701646825397
138	0.461006315789
138.5	0.461006315789
139.0	0.461006315789
139.5	0.461006315789
140.0	0.461006315789
140.5	0.461006315789
141	0.573637261821
141.5	0.573637261821
142.0	0.573637261821
142.5	0.573637261821
143	0.677011177988
143.5	0.677011177988
144.0	0.677011177988
144.5	0.677011177988
145	0.688434736281
145.5	0.688434736281
146.0	0.688434736281
146.5	1.04141459227
147.0	1.04141459227
147.5	1.69984633295
148	2.39589601386
148.5	2.39589601386
149	2.0549890644
149.5	2.12973643411
150.0	2.12973643411
150.5	2.17663694268
151	2.25200629921
151.5	2.25200629921
152	1.97147191011
152.5	1.97147191011
153	2.04993333333
153.5	2.15166550523
154	2.59943307087
154.5	2.59943307087
155	2.37662162162
155.5	2.24753459119
156.0	2.24753459119
156.5	2.29510082645
157	2.36578461538
157.5	2.4252544
158.0	2.4252544
158.5	2.53094505495
159	2.29428471002
159.5	2.29428471002
160	2.0522651622
160.5	2.07410584958
161.0	2.07410584958
161.5	2.20142043551
162	2.1775443038
162.5	2.1775443038
163	1.88567847411
163.5	1.76857687075
164.0	1.76857687075
164.5	1.63883045685
165.0	1.63883045685
165.5	1.63883045685
166	1.46011145511
166.5	1.46011145511
167	1.22958744395
167.5	0.70064516129
168.0	0.70064516129
168.5	0.70064516129
169.0	0.70064516129
169.5	0.904737807822
170.0	0.904737807822
170.5	1.62538515901
171.0	1.62538515901
171.5	1.62538515901
172.0	1.62538515901
172.5	2.03068852459
173	1.98933333333
173.5	2.00812307692
174.0	2.00812307692
174.5	2.00812307692
175.0	2.00812307692
175.5	2.00812307692
176	1.35861639344
176.5	1.35861639344
177	1.72825221675
177.5	1.97002568807
178.0	1.97002568807
178.5	1.97002568807
179	1.7161509434
179.5	1.7161509434
180	1.36340725389
180.5	1.36340725389
181.0	1.36340725389
181.5	1.26891208791
182	1.61829585799
182.5	1.61829585799
183	1.72092703863
183.5	1.72092703863
184	2.03089908257
184.5	2.0515862069
185.0	2.0515862069
185.5	2.03382795699
186	2.06935581788
186.5	2.06935581788
187	2.27431395349
187.5	2.27431395349
188	1.92845714286
188.5	1.92845714286
189	1.59434655532
189.5	1.59434655532
190	1.03009966777
190.5	1.03009966777
191	1.49725806452
191.5	1.49725806452
192	1.61708957055
192.5	1.61708957055
193	2.7210749354
193.5	2.7210749354
194	1.87651475797
194.5	1.87651475797
195	1.41237366003
195.5	1.41237366003
196	1.05840214477
196.5	1.05840214477
197.0	1.05840214477
197.5	1.18263525589
198.0	1.18263525589
198.5	1.18263525589
199	1.30754397394
199.5	2.1277005988
200.0	2.1277005988
200.5	1.55100877193
201	1.52332521739
201.5	1.52332521739
202.0	1.52332521739
202.5	1.67769659443
203	1.87022327791
203.5	1.87022327791
204	1.90028235294
204.5	1.90028235294
205	1.72581507824
205.5	1.72581507824
206	1.4315372549
206.5	1.4315372549
207	1.44909014675
207.5	3.25241538462
208	3.10787330317
208.5	3.10787330317
209	1.83480268456
209.5	2.1060736377
210.0	2.1060736377
210.5	1.82771875
211.0	1.82771875
211.5	1.54226959248
212.0	1.54226959248
212.5	1.47381384248
213.0	1.47381384248
213.5	1.47381384248
214	1.35076923077
214.5	1.35076923077
215	1.30153561517
215.5	1.30153561517
216.0	1.30153561517
216.5	1.26163459841
217.0	1.26163459841
217.5	1.26163459841
218.0	1.26163459841
218.5	1.26163459841
219.0	1.26163459841
219.5	0.466108089963
220.0	0.466108089963
220.5	1.27321435143
221.0	1.27321435143
221.5	1.85077411477
222.0	1.85077411477
222.5	1.59572286374
223.0	1.59572286374
223.5	1.64621437579
224.0	1.64621437579
224.5	1.58848908297
225.0	1.58848908297
225.5	1.52739282051
226.0	1.52739282051
226.5	1.41165198711
227.0	1.41165198711
227.5	1.63639476813
228	2.06580298507
228.5	2.06580298507
229	2.04709291339
229.5	2.14091246684
230.0	2.14091246684
230.5	2.03282758621
231	1.92082661996
231.5	1.02961625282
232.0	1.02961625282
232.5	1.02961625282
233.0	1.02961625282
233.5	1.02961625282
234.0	1.02961625282
234.5	0.71899923254
235.0	0.71899923254
235.5	0.71899923254
236	1.02446325167
236.5	1.02446325167
237	1.48863773966
237.5	1.62508920188
238	1.64392947103
238.5	1.64392947103
239.0	1.64392947103
239.5	1.64392947103
240	1.82144175824
240.5	1.82144175824
241	2.0256073903
241.5	2.0256073903
242	2.11768047337
242.5	2.16848741722
243.0	2.16848741722
243.5	2.0557625
244.0	2.0557625
244.5	2.08761129944
245	2.08374857143
245.5	2.08479722704
246.0	2.08479722704
246.5	2.08479722704
247	1.32669178082
247.5	1.32669178082
248	1.71877333333
248.5	1.71877333333
249	1.48495387635
249.5	1.48495387635
250	1.50752825553
250.5	1.50752825553
251	1.56004785643
251.5	1.56004785643
252	1.63863121387
252.5	1.63863121387
253	1.47716054159
253.5	1.47716054159
254	1.57590851334
254.5	1.57590851334
255	1.58176783813
255.5	1.58176783813
256	1.80785733882
256.5	1.80785733882
257	1.67507117853
257.5	1.5647191679
258.0	1.5647191679
258.5	1.82480826636
259	2.27162561576
259.5	2.22622556391
260.0	2.22622556391
260.5	2.17937724551
261	2.56495846645
261.5	2.56495846645
262	2.54258318426
262.5	2.44726643599
263	2.42634903047
263.5	2.41917857143
264.0	2.41917857143
264.5	1.98829292929
265.0	1.98829292929
265.5	1.98829292929
266	1.13949911817
266.5	1.82993665158
267.0	1.82993665158
267.5	1.40806943105
268.0	1.40806943105
268.5	1.86815135135
269.0	1.86815135135
269.5	1.87085840708
270.0	1.87085840708
270.5	1.90260387812
271	1.99551532847
271.5	1.99551532847
272	1.76983168317
272.5	1.76983168317
273	1.99671123755
273.5	2.04993333333
274.0	2.04993333333
274.5	2.03468863262
275.0	2.03468863262
275.5	1.88
276	2.54884057971
276.5	2.49029965157
277	2.43602807018
277.5	2.43602807018
278	1.57092395006
278.5	1.57092395006
279	1.88530348259
279.5	1.88530348259
280	2.05639285714
280.5	2.15420462046
281.0	2.15420462046
281.5	2.16526190476
282.0	2.16526190476
282.5	1.73365308498
283	1.49857240593
283.5	1.49857240593
284	1.83006382979
284.5	1.83006382979
285	2.08761387632
285.5	2.13099016393
286.0	2.13099016393
286.5	2.16677583893
287	2.17001226994
287.5	2.18484462151
288	2.35113402062
288.5	2.35113402062
289	2.40837017995
289.5	2.49539240506
290	2.81534351145
290.5	3.42716831683
291	3.45312169312
291.5	3.45312169312
292.0	3.45312169312
292.5	2.6520192
293	2.34829451138
293.5	2.55634285714
294.0	2.55634285714
294.5	2.76555405405
