0.0	2.39262970297
0.5	2.39262970297
1	2.49882621083
1.5	2.44014545455
2.0	2.44014545455
2.5	2.42549333333
3	2.1855282392
3.5	2.1855282392
4	1.91454507772
4.5	1.91454507772
5	1.6960744186
5.5	1.6960744186
6	1.98175947282
6.5	2.19176237624
7.0	2.19176237624
7.5	1.68690948746
8.0	1.68690948746
8.5	2.13422849083
9	2.18350177936
9.5	2.18350177936
10	1.88748854041
10.5	1.88748854041
11	1.87488888889
11.5	1.87488888889
12	1.68399558986
12.5	2.38049904031
13	2.57414211438
13.5	2.90933333333
14.0	2.90933333333
14.5	2.70855849057
15	2.67273096447
15.5	3.03322137405
16	3.07426666667
16.5	2.86075362319
17	2.87712252964
17.5	3.02384934087
18	2.79784251969
18.5	2.79784251969
19	2.70343209877
19.5	2.70343209877
20	2.74609459459
20.5	2.28552685051
21.0	2.28552685051
21.5	2.27098769772
22	2.18210071942
22.5	2.18210071942
23	1.34701845018
23.5	1.34701845018
24	2.14330542636
24.5	2.14330542636
25	2.0110059453
25.5	1.9457223796
26.0	1.9457223796
26.5	1.89851111111
27.0	1.89851111111
27.5	1.94033107191
28	1.93079504814
28.5	1.93079504814
29	1.64910837989
29.5	1.64910837989
30	1.74937110482
30.5	1.74937110482
31	1.93057309942
31.5	1.93057309942
32	1.183313709
32.5	1.183313709
33.0	1.183313709
33.5	1.183313709
34	0.861622664256
34.5	0.861622664256
35.0	0.861622664256
35.5	0.946513974097
36.0	0.946513974097
36.5	1.31432478632
37.0	1.31432478632
37.5	1.31432478632
38	1.2126272
38.5	1.2126272
39	1.13923825227
39.5	1.13923825227
40.0	1.13923825227
40.5	1.29252277228
41.0	1.29252277228
41.5	1.29252277228
42	1.02324613221
42.5	1.02324613221
43.0	1.02324613221
43.5	1.02421458047
44.0	1.02421458047
44.5	1.02421458047
45	0.924875439831
45.5	0.924875439831
46.0	0.924875439831
46.5	1.06107016191
47.0	1.06107016191
47.5	1.06107016191
48	0.840369156041
48.5	0.840369156041
49.0	0.840369156041
49.5	0.840369156041
50	0.821164876816
50.5	0.821164876816
51.0	0.821164876816
51.5	0.979519417476
52.0	0.979519417476
52.5	0.979519417476
53	0.951478143914
53.5	0.951478143914
54	1.08593267327
54.5	1.31068965517
55.0	1.31068965517
55.5	1.31068965517
56	1.6895509468
56.5	1.776
57.0	1.776
57.5	1.776
58	1.34234758872
58.5	1.39574193548
59	1.45031111111
59.5	1.45031111111
60.0	1.45031111111
60.5	1.45031111111
61.0	1.45031111111
61.5	1.63301674877
62.0	1.63301674877
62.5	2.02094009217
63	2.08478446602
63.5	2.08478446602
64.0	2.08478446602
64.5	1.49108196721
65	1.76365683646
65.5	1.76365683646
66	1.97597433155
66.5	1.97597433155
67	1.5785974026
67.5	1.5785974026
68.0	1.5785974026
68.5	0.840033519553
69.0	0.840033519553
69.5	0.840033519553
70.0	0.840033519553
70.5	0.840033519553
71.0	0.840033519553
71.5	0.840033519553
72.0	0.840033519553
72.5	0.37748501827
73.0	0.37748501827
73.5	0.37748501827
74.0	0.37748501827
74.5	0.37748501827
75.0	0.37748501827
75.5	0.37748501827
76	0.500613592233
76.5	0.500613592233
77.0	0.500613592233
77.5	1.11180602498
78.0	1.11180602498
78.5	1.11180602498
79	0.779128888889
79.5	0.779128888889
80.0	0.779128888889
80.5	1.36657467249
81.0	1.36657467249
81.5	1.31242222222
82.0	1.31242222222
82.5	1.31242222222
83	1.17130674847
83.5	1.17130674847
84	1.26168870804
84.5	1.26168870804
85.0	1.26168870804
85.5	1.00696949153
86.0	1.00696949153
86.5	1.31137114428
87.0	1.31137114428
87.5	1.43267065868
88.0	1.43267065868
88.5	1.73771617162
89	2.02472356688
89.5	2.28853598015
90.0	2.28853598015
90.5	2.60870484581
91	2.86579527559
91.5	2.67610666667
92	2.75981359223
92.5	2.95924686192
93	2.61466268657
93.5	2.61466268657
94	2.09226254826
94.5	2.09226254826
95	2.14248707483
95.5	2.67534575569
96	2.63749565217
96.5	2.63749565217
97	2.3704025974
97.5	2.50895099819
98	2.6425875
98.5	2.99276688453
99	3.16418518519
99.5	3.36476235294
100.0	3.36476235294
100.5	3.2121006865
101.0	3.70887687688
101.5	3.70887687688
102	3.86527472527
102.5	3.80168085106
103	3.5064040404
103.5	3.11007640449
104.0	3.11007640449
104.5	3.1061147541
105	3.13355102041
105.5	3.00794470046
106	2.97557464213
106.5	2.28756989247
107.0	2.28756989247
107.5	2.25428473413
108	2.25607868852
108.5	3.30331264916
109	3.26609045226
109.5	3.26609045226
110	2.08021649485
110.5	1.98157983193
111.0	1.98157983193
111.5	2.23588235294
112.0	2.23588235294
112.5	1.9158609407
113.0	1.9158609407
113.5	2.15954929577
114.0	2.15954929577
114.5	1.80347188264
115	5.49434920635
115.5	5.53084745763
116.0	5.53084745763
116.5	5.53084745763
117.0	5.53084745763
117.5	1.14548168625
118.0	1.14548168625
118.5	1.14548168625
119.0	1.14548168625
119.5	1.14548168625
120	0.859047992165
120.5	0.859047992165
121.0	0.859047992165
121.5	0.759309759547
122.0	0.759309759547
122.5	1.25552760736
123.0	1.25552760736
123.5	1.25552760736
124	1.39373728814
124.5	1.39373728814
125	1.43442236025
125.5	1.43442236025
126	1.39714942529
126.5	1.39714942529
127	1.17358829268
127.5	1.17358829268
128.0	1.17358829268
128.5	1.53575421209
129.0	1.53575421209
129.5	1.46486363636
130	2.10454520167
130.5	2.10454520167
131	2.36440847784
131.5	2.35651807229
132.0	2.35651807229
132.5	1.82656701031
133.0	1.82656701031
133.5	1.82656701031
134	1.2591788953
134.5	1.88486322188
135.0	1.88486322188
135.5	1.78734055355
136.0	1.78734055355
136.5	1.51312055109
137	1.98827700831
137.5	2.69323785166
138.0	2.69323785166
138.5	2.63583416252
139	2.63508571429
139.5	2.01420408163
140.0	2.01420408163
140.5	1.80847701863
141.0	1.80847701863
141.5	1.76446593407
142.0	1.76446593407
142.5	1.7546962963
143	1.71665048544
143.5	1.71665048544
144	2.0135908046
144.5	2.34248991354
145.0	2.34248991354
145.5	2.23365673759
146	1.92004754829
146.5	1.92004754829
147	2.13224604569
147.5	2.15682127031
148.0	2.15682127031
148.5	2.18393680885
149	2.18508527132
149.5	2.18508527132
150	1.84882907133
150.5	1.84882907133
151	1.76605684755
151.5	2.12484992571
152.0	2.12484992571
152.5	2.15620276498
153	2.1298008658
153.5	2.69662882096
154.0	2.69662882096
154.5	2.49718608169
155	2.35277591973
155.5	2.35277591973
156	2.47735181976
156.5	1.99216068867
157.0	1.99216068867
157.5	1.91422406639
158	2.12891011236
158.5	2.12891011236
159	2.73101976285
159.5	2.62665593561
160	2.5482591944
160.5	2.5482591944
161	2.1867958884
161.5	2.15450491803
162	2.3325559322
162.5	3.04195164835
163.0	3.04195164835
163.5	2.52408543689
164	2.14091246684
164.5	2.14091246684
165	2.55387725632
165.5	2.50615384615
166.0	2.50615384615
166.5	2.36281462799
167	2.62848
167.5	2.62848
168	3.0968
168.5	2.83756521739
169.0	2.83756521739
169.5	2.83756521739
170	3.08661452514
170.5	3.16638267148
171	3.05887179487
171.5	3.05887179487
172	2.76089038786
172.5	2.26842758621
173.0	2.26842758621
173.5	2.41507973856
174	3.01368595041
174.5	3.18234920635
175	3.36864347826
175.5	3.34825974026
176	3.36259555556
176.5	2.95693493976
177	2.91926865672
177.5	3.36678384798
178	3.29888552916
178.5	2.98134615385
179.0	2.98134615385
179.5	2.75562152134
180	2.30004886562
180.5	3.26258181818
181	3.43014983713
181.5	3.43014983713
182	1.24366823161
182.5	5.42517647059
183.0	3.98855890411
183.5	3.98855890411
184	1.96531701346
184.5	1.96531701346
185	1.68800950119
185.5	1.68800950119
186	1.99228169014
186.5	1.70743079922
187.0	1.70743079922
187.5	1.88594895592
188	2.29218049491
188.5	2.29218049491
189	2.39294814815
189.5	2.28483615819
190.0	2.28483615819
190.5	1.94948998665
191.0	1.94948998665
191.5	1.45213445378
192.0	1.45213445378
192.5	1.74176725026
193.0	1.74176725026
193.5	1.66103990326
194.0	1.66103990326
194.5	1.56937772675
195	1.81245120406
195.5	1.81245120406
196	1.93079504814
196.5	1.93079504814
197	1.56849309245
197.5	1.56849309245
198	1.52853465347
198.5	1.52853465347
199	2.0403461063
199.5	1.89617250674
200.0	1.89617250674
200.5	1.68168470588
201.0	1.68168470588
201.5	1.6954041514
202.0	1.6954041514
202.5	1.76528571429
203.0	1.76528571429
203.5	1.62812459721
204.0	1.62812459721
204.5	1.76939308579
205	2.2239318569
205.5	2.2239318569
206	1.7384181601
206.5	1.7384181601
207	1.74789671362
207.5	1.83042896936
208.0	1.83042896936
208.5	1.90610526316
209.0	1.90610526316
209.5	1.84054255319
210.0	1.56426474128
210.5	1.56426474128
211	1.9638053528
211.5	1.9638053528
212	2.32323152709
212.5	2.18920558882
213	2.11166666667
213.5	2.11166666667
214	1.95585803758
214.5	2.02042752562
215.0	2.02042752562
215.5	1.90599483204
216	1.66415384615
216.5	1.8700286533
217.0	1.8700286533
217.5	1.8700286533
218.0	1.8700286533
218.5	1.8700286533
219	1.45651318102
219.5	1.45651318102
220	1.7808893401
220.5	2.02961058601
221.0	2.02961058601
221.5	2.02961058601
222	1.52156877323
222.5	1.52156877323
223	1.07053539463
223.5	1.07053539463
224.0	1.07053539463
