0.0	0.695912455004
0.5	0.695912455004
1.0	0.695912455004
1.5	0.695912455004
2.0	0.695912455004
2.5	0.695912455004
3.0	0.695912455004
3.5	0.695912455004
4.0	0.695912455004
4.5	0.728781055256
5.0	0.728781055256
5.5	0.728781055256
6	0.998757209302
6.5	0.998757209302
7.0	0.998757209302
7.5	0.998757209302
8	0.893184942717
8.5	0.893184942717
9.0	0.893184942717
9.5	0.973142011834
10.0	0.973142011834
10.5	0.973142011834
11.0	0.973142011834
11.5	0.973142011834
12	0.853365357968
12.5	0.853365357968
13	1.06728585366
13.5	1.06728585366
14.0	1.06728585366
14.5	0.9397875
15.0	0.9397875
15.5	0.9397875
16	0.926779904306
16.5	0.926779904306
17.0	0.926779904306
17.5	1.0097232376
18.0	1.0097232376
18.5	1.0097232376
19.0	1.0097232376
19.5	1.03926373626
20.0	1.03926373626
20.5	0.918508982036
21.0	0.918508982036
21.5	0.918508982036
22.0	0.918508982036
22.5	0.935282725643
23.0	0.935282725643
23.5	0.935282725643
24	1.09452972973
24.5	1.09452972973
25.0	1.09452972973
25.5	1.05555217692
26.0	1.05555217692
26.5	1.05555217692
27	0.976566929134
27.5	0.976566929134
28.0	0.976566929134
28.5	0.894746987952
29.0	0.894746987952
29.5	0.894746987952
30.0	0.894746987952
30.5	0.77116910474
31.0	0.77116910474
31.5	0.77116910474
32.0	0.77116910474
32.5	0.706812407681
33.0	0.706812407681
33.5	0.706812407681
34.0	0.706812407681
34.5	0.520541769649
35.0	0.520541769649
35.5	0.520541769649
36.0	0.520541769649
36.5	0.927309218203
37.0	0.927309218203
37.5	0.861943925234
38.0	0.861943925234
38.5	1.11731320755
39.0	1.11731320755
39.5	1.11731320755
40.0	1.11731320755
40.5	0.949656881931
41.0	0.949656881931
41.5	0.949656881931
42	1.03524435848
42.5	1.03524435848
43.0	1.03524435848
43.5	1.03524435848
44	0.82156300578
44.5	0.82156300578
45.0	0.82156300578
45.5	0.838482513337
46.0	0.838482513337
46.5	0.838482513337
47	0.802852428964
47.5	0.802852428964
48.0	0.802852428964
48.5	1.07590205162
49.0	1.07590205162
49.5	1.07590205162
50	0.919817757009
50.5	0.919817757009
51.0	0.919817757009
51.5	0.919817757009
52.0	0.919817757009
52.5	0.674773890339
53.0	0.674773890339
53.5	0.674773890339
54.0	0.674773890339
54.5	0.573639716312
55.0	0.573639716312
55.5	0.573639716312
56.0	0.573639716312
56.5	0.679780260708
57.0	0.679780260708
57.5	0.679780260708
58.0	0.679780260708
58.5	0.720016666667
59.0	0.720016666667
59.5	0.720016666667
60.0	0.720016666667
60.5	0.720016666667
61.0	0.720016666667
61.5	0.720016666667
62	0.561505976096
62.5	0.561505976096
63.0	0.561505976096
63.5	0.561505976096
64.0	0.561505976096
64.5	0.573801169591
65.0	0.573801169591
65.5	0.573801169591
66.0	0.573801169591
66.5	0.695283825025
67.0	0.695283825025
67.5	0.695283825025
68.0	0.695283825025
68.5	0.673903864279
69.0	0.673903864279
69.5	0.673903864279
70.0	0.673903864279
70.5	0.706791540785
71.0	0.706791540785
71.5	0.706791540785
72	1.20781669394
72.5	1.20781669394
73	1.12074047187
73.5	1.12074047187
74.0	1.12074047187
74.5	1.12074047187
75	1.04207070707
75.5	1.04207070707
76.0	1.04207070707
76.5	1.0437388724
77.0	1.0437388724
77.5	1.0437388724
78	1.01811396011
78.5	1.01811396011
79.0	1.01811396011
79.5	1.01811396011
80	0.703412360689
80.5	0.703412360689
81.0	0.703412360689
81.5	0.703412360689
82	0.707196729688
82.5	0.707196729688
83.0	0.707196729688
83.5	0.707196729688
84	0.880757699012
84.5	0.880757699012
85	1.07540544747
85.5	1.07540544747
86.0	1.07540544747
86.5	1.1666201966
87.0	1.1666201966
87.5	1.1666201966
88	0.887229268293
88.5	0.887229268293
89.0	0.887229268293
89.5	0.887229268293
90.0	0.887229268293
90.5	0.887229268293
91	0.555467362924
91.5	0.555467362924
92.0	0.555467362924
92.5	0.861801967213
93.0	0.861801967213
93.5	1.16825806452
94.0	1.16825806452
94.5	1.16825806452
95	1.26516270567
95.5	1.26516270567
96.0	1.26516270567
96.5	0.853515430072
97.0	0.853515430072
97.5	0.853515430072
98	1.06480738786
98.5	1.06480738786
99.0	1.06480738786
99.5	1.08834461538
100.0	1.08834461538
100.5	1.28279766082
101	1.31068965517
101.5	1.31068965517
102.0	1.31068965517
102.5	1.35677914555
103.0	1.35677914555
103.5	1.35677914555
104	1.08914917127
104.5	1.08914917127
105.0	1.08914917127
105.5	0.923757044458
106	0.896
106.5	0.670821705426
107.0	0.670821705426
107.5	0.670821705426
108	0.66868852459
108.5	0.66868852459
109.0	0.66868852459
109.5	0.66868852459
110.0	0.66868852459
110.5	0.66868852459
111.0	0.66868852459
111.5	0.66868852459
112.0	0.66868852459
112.5	0.66868852459
113.0	0.66868852459
113.5	0.66868852459
114	0.472091142125
114.5	0.472091142125
115.0	0.472091142125
115.5	0.472091142125
116.0	0.472091142125
116.5	0.472091142125
117.0	0.472091142125
117.5	0.472091142125
118	0.482579367263
118.5	0.482579367263
119.0	0.482579367263
119.5	0.482579367263
120	0.563307450157
120.5	0.563307450157
121.0	0.563307450157
121.5	0.563307450157
122	0.763979468035
122.5	0.763979468035
123.0	0.763979468035
123.5	0.92719379845
124.0	0.92719379845
124.5	0.92719379845
125.0	0.92719379845
125.5	0.92719379845
126.0	0.92719379845
126.5	0.652608972095
127.0	0.652608972095
127.5	0.652608972095
128.0	0.652608972095
128.5	0.687597737272
129.0	0.687597737272
129.5	0.687597737272
130.0	0.687597737272
130.5	0.545545578231
131.0	0.545545578231
131.5	0.545545578231
132.0	0.545545578231
132.5	0.545545578231
133	0.675490845684
133.5	0.675490845684
134.0	0.675490845684
134.5	0.675490845684
135	0.878918181818
135.5	0.878918181818
136.0	0.878918181818
136.5	0.878918181818
137.0	0.878918181818
137.5	0.878918181818
138	0.522502762431
138.5	0.522502762431
139.0	0.522502762431
139.5	0.522502762431
140.0	0.522502762431
140.5	0.503747126437
141.0	0.503747126437
141.5	0.503747126437
142	0.985345088161
142.5	0.985345088161
143.0	0.985345088161
143.5	0.985345088161
144	0.81789728794
144.5	0.81789728794
145.0	0.81789728794
145.5	0.936470876763
146.0	0.936470876763
146.5	0.936470876763
147.0	0.936470876763
147.5	0.839133964817
148.0	0.839133964817
148.5	0.839133964817
149.0	0.839133964817
149.5	0.839133964817
150.0	0.839133964817
150.5	0.505713312904
151.0	0.505713312904
151.5	0.505713312904
152.0	0.505713312904
152.5	0.505713312904
153	0.500732522796
153.5	0.500732522796
154.0	0.500732522796
154.5	0.500732522796
155.0	0.500732522796
155.5	0.500732522796
156	0.537050505051
156.5	0.537050505051
157.0	0.537050505051
157.5	0.586660724234
158.0	0.586660724234
158.5	0.586660724234
159.0	0.586660724234
159.5	0.586660724234
160.0	0.586660724234
160.5	0.586660724234
161	0.536237516869
161.5	0.536237516869
162.0	0.536237516869
162.5	0.599272254711
163.0	0.599272254711
163.5	0.599272254711
164.0	0.599272254711
164.5	0.599272254711
165	0.4745
165.5	0.4745
166.0	0.4745
166.5	0.4745
167.0	0.4745
167.5	0.56624815247
168.0	0.56624815247
168.5	0.56624815247
169.0	0.56624815247
169.5	0.56624815247
170.0	0.56624815247
170.5	0.584728332119
171.0	0.584728332119
171.5	0.584728332119
172.0	0.584728332119
172.5	0.584728332119
173.0	0.584728332119
173.5	0.530931639895
174.0	0.530931639895
174.5	0.530931639895
175.0	0.530931639895
175.5	0.530931639895
176.0	0.530931639895
176.5	0.460006504065
177.0	0.460006504065
177.5	0.460006504065
178.0	0.460006504065
178.5	0.510438228438
179.0	0.510438228438
179.5	0.510438228438
180.0	0.510438228438
180.5	0.510438228438
181	0.605695976155
181.5	0.605695976155
182.0	0.605695976155
182.5	0.605695976155
183.0	0.605695976155
183.5	0.605695976155
184	0.644060531697
184.5	0.644060531697
185.0	0.644060531697
185.5	0.644060531697
186	0.673367378843
186.5	0.673367378843
187.0	0.673367378843
187.5	0.677035714286
188.0	0.677035714286
188.5	0.677035714286
189.0	0.677035714286
189.5	0.677035714286
190.0	0.677035714286
190.5	0.677035714286
191	0.473158781594
191.5	0.473158781594
192.0	0.473158781594
192.5	0.473158781594
193.0	0.473158781594
193.5	0.593318454936
194.0	0.593318454936
194.5	0.593318454936
195.0	0.593318454936
195.5	0.593318454936
196.0	0.593318454936
196.5	0.590316230366
197.0	0.590316230366
197.5	1.02820359281
198.0	1.02820359281
198.5	1.02820359281
199	1.04425362872
199.5	1.04425362872
200.0	1.04425362872
200.5	0.942665787739
201.0	0.942665787739
201.5	0.942665787739
202.0	0.942665787739
202.5	0.738783157895
203.0	0.738783157895
203.5	0.738783157895
204.0	0.738783157895
204.5	0.810517298188
205.0	0.810517298188
205.5	0.810517298188
206.0	0.810517298188
206.5	0.810517298188
207	0.579838497653
207.5	0.579838497653
208.0	0.579838497653
208.5	0.579838497653
209.0	0.579838497653
209.5	0.579838497653
210.0	0.579838497653
210.5	0.579838497653
211	0.405861814605
211.5	0.405861814605
212.0	0.405861814605
212.5	0.405861814605
213.0	0.405861814605
213.5	0.405861814605
214.0	0.405861814605
214.5	0.405861814605
215.0	0.405861814605
215.5	0.313983485829
216.0	0.313983485829
216.5	0.313983485829
217.0	0.313983485829
217.5	0.313983485829
218	0.674260377358
218.5	0.674260377358
219.0	0.674260377358
219.5	1.01205247813
220.0	1.01205247813
220.5	1.01205247813
221	0.906935779817
221.5	0.906935779817
222.0	0.906935779817
222.5	0.966698979592
223.0	0.966698979592
223.5	0.966698979592
224	0.971797468354
224.5	0.971797468354
225.0	0.971797468354
225.5	0.971797468354
226	0.710641262929
226.5	0.710641262929
227.0	0.710641262929
227.5	0.710641262929
228.0	0.710641262929
228.5	0.570163009404
229.0	0.570163009404
229.5	0.570163009404
230.0	0.570163009404
230.5	0.570163009404
231.0	0.570163009404
231.5	0.512812672176
232.0	0.512812672176
232.5	0.512812672176
233	1.20022648402
233.5	1.20022648402
234.0	1.20022648402
234.5	0.968478536242
235.0	0.968478536242
235.5	0.968478536242
236	1.00151085384
236.5	1.00151085384
237.0	1.00151085384
237.5	1.00151085384
238	0.688873343932
238.5	0.688873343932
239.0	0.688873343932
239.5	0.688873343932
240	0.795587974372
240.5	0.795587974372
241.0	0.795587974372
241.5	0.988022346369
242.0	0.988022346369
242.5	0.988022346369
243	0.940644939966
243.5	0.63793006993
244.0	0.63793006993
244.5	0.63793006993
245.0	0.63793006993
245.5	0.63793006993
246	0.836852166146
246.5	0.836852166146
247.0	0.836852166146
247.5	0.875604060914
248.0	0.875604060914
248.5	0.875604060914
249.0	0.875604060914
249.5	0.875604060914
250.0	0.875604060914
250.5	0.496546617301
251.0	0.496546617301
251.5	0.669578378378
252	0.578836120401
252.5	0.578836120401
253.0	0.578836120401
253.5	0.578836120401
254	0.413586818758
254.5	0.413586818758
255.0	0.413586818758
255.5	0.413586818758
256.0	0.413586818758
256.5	0.413586818758
257.0	0.413586818758
257.5	0.413586818758
258	0.964230366492
258.5	0.964230366492
259.0	0.964230366492
259.5	1.44257894737
260.0	1.44257894737
260.5	1.44257894737
261	0.902238655462
261.5	0.902238655462
262.0	0.902238655462
262.5	0.945270207852
263.0	0.945270207852
263.5	0.945270207852
264	1.23076520112
264.5	1.23076520112
265.0	1.23076520112
265.5	1.30752724699
266.0	1.30752724699
266.5	1.05902032914
267.0	1.05902032914
267.5	1.19219821606
268.0	1.19219821606
268.5	1.19219821606
269	1.08135101186
269.5	1.08135101186
270	1.69801975851
270.5	1.69801975851
271.0	1.69801975851
271.5	1.17664696734
272.0	1.17664696734
272.5	1.17664696734
273.0	1.17664696734
273.5	0.651687732342
274.0	0.651687732342
274.5	0.651687732342
275.0	0.651687732342
275.5	0.651687732342
276	0.654971954793
276.5	0.654971954793
277.0	0.654971954793
277.5	0.654971954793
278	0.803523809524
278.5	0.803523809524
279.0	0.803523809524
279.5	0.803523809524
280.0	0.803523809524
280.5	0.803523809524
281	0.465949969494
281.5	0.465949969494
282.0	0.465949969494
282.5	0.465949969494
283.0	0.465949969494
283.5	0.465949969494
284	0.465380863039
284.5	0.465380863039
285.0	0.465380863039
285.5	0.465380863039
286.0	0.465380863039
286.5	0.465380863039
287.0	0.465380863039
287.5	0.465380863039
288.0	0.465380863039
288.5	0.344292999536
289.0	0.344292999536
289.5	0.344292999536
290.0	0.344292999536
290.5	0.344292999536
291.0	0.344292999536
291.5	0.344292999536
292.0	0.344292999536
292.5	0.344292999536
293	0.308720543453
293.5	0.308720543453
294.0	0.308720543453
294.5	0.308720543453
295.0	0.308720543453
295.5	0.308720543453
296.0	0.308720543453
296.5	0.416580383053
297.0	0.416580383053
297.5	0.416580383053
298	0.71636462585
298.5	0.71636462585
299.0	0.71636462585
299.5	1.11303081232
300.0	1.11303081232
300.5	1.19466321244
301.0	1.19466321244
301.5	0.950523274478
302.0	0.950523274478
302.5	0.950523274478
303	1.02739872971
303.5	1.02739872971
304.0	1.02739872971
304.5	1.32262273476
305.0	1.32262273476
305.5	1.32262273476
306	1.03217429194
306.5	1.03217429194
307.0	1.03217429194
307.5	0.999660777385
308.0	0.999660777385
308.5	0.999660777385
309	0.632427436823
309.5	0.632427436823
310.0	0.632427436823
310.5	0.632427436823
311.0	0.632427436823
