0.0	0.78167750283
0.5	0.78167750283
1.0	0.78167750283
1.5	0.78167750283
2.0	0.78167750283
2.5	0.78167750283
3.0	0.78167750283
3.5	0.78167750283
4	0.513066978649
4.5	0.513066978649
5	1.16071783784
5.5	1.16071783784
6.0	1.16071783784
6.5	1.16071783784
7	1.07428346457
7.5	1.07428346457
8.0	1.07428346457
8.5	1.1178317757
9.0	1.1178317757
9.5	1.1178317757
10.0	1.1178317757
10.5	1.23251234156
11	1.39893606138
11.5	1.39893606138
12.0	1.39893606138
12.5	1.24013195876
13.0	1.24013195876
13.5	1.24013195876
14	0.873492671928
14.5	0.873492671928
15.0	0.873492671928
15.5	1.2375168
16.0	1.2375168
16.5	1.3226993007
17.0	1.3226993007
17.5	1.40725688073
18.0	1.40725688073
18.5	1.40725688073
19.0	1.06734515689
19.5	1.06734515689
20.0	1.06734515689
20.5	1.09452972973
21.0	1.09452972973
21.5	1.09452972973
22.0	1.09452972973
22.5	0.962434782609
23.0	0.962434782609
23.5	1.02161449753
24.0	1.02161449753
24.5	1.02161449753
25	1.25764606266
25.5	1.25764606266
26	1.12932990574
26.5	1.12932990574
27.0	1.12932990574
27.5	1.30979562044
28.0	1.30979562044
28.5	1.04366303271
29.0	1.04366303271
29.5	1.04366303271
30.0	1.04366303271
30.5	1.04366303271
31	0.597521804511
31.5	0.597521804511
32.0	0.597521804511
32.5	0.725062893082
33.0	0.725062893082
33.5	0.725062893082
34.0	0.725062893082
34.5	0.626641269841
35.0	0.626641269841
35.5	0.626641269841
36.0	0.626641269841
36.5	0.626641269841
37.0	0.626641269841
37.5	0.555446012972
38.0	0.555446012972
38.5	0.555446012972
39.0	0.555446012972
39.5	0.555446012972
40	0.604314640572
40.5	0.604314640572
41.0	0.604314640572
41.5	0.604314640572
42.0	0.604314640572
42.5	0.604314640572
43	0.459374272786
43.5	0.459374272786
44.0	0.459374272786
44.5	0.459374272786
45	0.897538071066
45.5	0.897538071066
46	0.972155382908
46.5	0.972155382908
47.0	0.972155382908
47.5	1.08887340924
48.0	1.08887340924
48.5	1.08887340924
49.0	1.08887340924
49.5	0.927948143783
50.0	0.927948143783
50.5	0.927948143783
51.0	0.927948143783
51.5	0.927948143783
52	0.543851851852
52.5	0.543851851852
53.0	0.543851851852
53.5	0.661170572207
54.0	0.661170572207
54.5	0.661170572207
55.0	0.661170572207
55.5	0.806722651934
56.0	0.806722651934
56.5	0.806722651934
57.0	0.806722651934
57.5	0.771877163596
58.0	0.771877163596
58.5	0.771877163596
59.0	0.771877163596
59.5	0.771877163596
60.0	0.771877163596
60.5	0.771877163596
61	0.480061311382
61.5	0.480061311382
62.0	0.480061311382
62.5	0.988258992806
63.0	0.988258992806
63.5	0.988258992806
64	1.16334297872
64.5	1.16334297872
65.0	1.16334297872
65.5	1.11285914397
66.0	1.11285914397
66.5	1.11285914397
67	0.832555160142
67.5	0.832555160142
68.0	0.832555160142
68.5	0.832555160142
69	0.843883361921
69.5	0.843883361921
70.0	0.843883361921
70.5	0.843883361921
71.0	0.843883361921
71.5	0.497805723499
72.0	0.497805723499
72.5	0.497805723499
73.0	0.497805723499
73.5	0.497805723499
74.0	0.497805723499
74.5	0.497805723499
75.0	0.497805723499
75.5	0.402104750305
76.0	0.402104750305
76.5	0.402104750305
77.0	0.402104750305
77.5	0.402104750305
78	0.674154288452
78.5	0.674154288452
79.0	0.674154288452
79.5	1.02175268049
80.0	1.02175268049
80.5	1.02175268049
81	0.923228723404
81.5	0.923228723404
82.0	0.923228723404
82.5	0.898690909091
83.0	0.898690909091
83.5	0.898690909091
84.0	0.898690909091
84.5	0.806697179351
85.0	0.806697179351
85.5	0.806697179351
86.0	0.806697179351
86.5	0.740963002681
87.0	0.740963002681
87.5	0.740963002681
88.0	0.740963002681
88.5	0.792621736491
89.0	0.792621736491
89.5	1.26747038328
90.0	1.26747038328
90.5	1.26747038328
91	1.1385382263
91.5	1.1385382263
92	1.58725603865
92.5	1.58725603865
93	1.26257614679
93.5	1.26257614679
94	1.44930680628
94.5	1.44930680628
95	1.41140499457
95.5	1.41140499457
96.0	1.41140499457
96.5	1.3891979346
97.0	1.3891979346
97.5	1.35262715105
98.0	1.35262715105
98.5	1.38658912769
99	1.45261146497
99.5	1.45261146497
100.0	1.45261146497
100.5	1.2737675051
101.0	1.2737675051
101.5	1.18146575342
102.0	1.18146575342
102.5	1.18146575342
103	1.22630091438
103.5	1.68031067961
104	1.56133971292
104.5	1.56133971292
105.0	1.56133971292
105.5	1.56133971292
106.0	1.56133971292
106.5	1.56133971292
107	1.24624962406
107.5	1.24624962406
108	1.42731977217
108.5	1.42731977217
109	1.7178624
109.5	1.7178624
110.0	1.7178624
110.5	1.02775141243
111.0	1.02775141243
111.5	1.02775141243
112	1.1906678733
112.5	1.1906678733
113.0	1.1906678733
113.5	1.32820704529
114	1.38828426396
114.5	1.38828426396
115	1.57451308901
115.5	1.57451308901
116	1.6415
116.5	1.6415
117	1.73030872483
117.5	1.73030872483
118	1.50115873016
118.5	1.50115873016
119.0	1.50115873016
119.5	0.919197003745
120.0	0.919197003745
120.5	0.919197003745
121.0	0.919197003745
121.5	0.925327025429
122.0	0.925327025429
122.5	0.925327025429
123	1.07706382979
123.5	1.07706382979
124	1.29439322034
124.5	1.29439322034
125	1.59209242619
125.5	1.59209242619
126	1.3417163505
126.5	1.3417163505
127	1.91004057971
127.5	1.91004057971
128	1.36978625954
128.5	1.36978625954
129	1.60038905775
129.5	1.60038905775
130	1.55671694417
130.5	1.6323539823
131.0	1.6323539823
131.5	1.5645336856
132.0	1.5645336856
132.5	1.4038804243
133.0	1.4038804243
133.5	1.4038804243
134	1.2969822294
134.5	1.2969822294
135	1.38934897361
135.5	1.38934897361
136	1.51123931624
136.5	1.44778842975
137.0	1.44778842975
137.5	1.44778842975
138	1.57680698351
138.5	1.57680698351
139.0	1.57680698351
139.5	1.16732987398
140.0	1.16732987398
140.5	1.42783646409
141.0	1.42783646409
141.5	1.33470627063
142.0	1.33470627063
142.5	1.1681344
143.0	1.1681344
143.5	1.1681344
144.0	1.1681344
144.5	0.894777993528
145.0	0.894777993528
145.5	0.894777993528
146.0	0.894777993528
146.5	0.894777993528
147	0.687782025214
147.5	0.687782025214
148.0	0.687782025214
148.5	0.871071655041
149.0	0.871071655041
149.5	0.871071655041
150.0	0.871071655041
150.5	0.82693768905
151.0	0.82693768905
151.5	0.82693768905
152	0.889871810828
152.5	0.889871810828
153.0	0.889871810828
153.5	0.889871810828
154	0.879503759398
154.5	0.879503759398
155.0	0.879503759398
155.5	0.883274685817
156.0	0.883274685817
156.5	0.883274685817
157	0.899530954115
157.5	0.899530954115
158.0	0.899530954115
158.5	0.899530954115
159	0.926805165637
159.5	0.926805165637
160.0	0.926805165637
160.5	0.950648648649
161.0	0.950648648649
161.5	0.950648648649
162	0.91984041184
162.5	0.91984041184
163.0	0.91984041184
163.5	0.91984041184
164	0.86190937306
164.5	0.86190937306
165	1.11611612903
165.5	1.11611612903
166.0	1.11611612903
166.5	1.17776534577
167.0	1.17776534577
167.5	1.42905480869
168.0	1.42905480869
168.5	1.50051494253
169.0	1.50051494253
169.5	1.50051494253
170	1.2752462752
170.5	1.2752462752
171	1.54642575286
171.5	1.54642575286
172	1.50371624714
172.5	1.50371624714
173	1.31947075743
173.5	1.31947075743
174	1.384088
174.5	1.384088
175	1.45240670391
175.5	1.45240670391
176.0	1.45240670391
176.5	1.20556235997
177.0	1.20556235997
177.5	1.42053012048
178.0	1.42053012048
178.5	1.36757107232
179	1.44341772152
179.5	1.44341772152
180	1.64360701754
180.5	1.64360701754
181	1.4138852459
181.5	1.4138852459
182.0	1.4138852459
182.5	1.13305683564
183	0.936650283554
183.5	1.04260240964
184.0	1.04260240964
184.5	1.0543457189
185.0	1.0543457189
185.5	1.0543457189
186.0	1.0543457189
186.5	1.0543457189
187	1.34647603574
187.5	1.34647603574
188.0	1.34647603574
188.5	1.1868579161
189.0	1.1868579161
189.5	1.19296
190.0	1.19296
190.5	1.19296
191	1.11678581173
191.5	1.11678581173
192.0	1.11678581173
192.5	0.904874828061
193.0	0.904874828061
193.5	0.904874828061
194.0	0.904874828061
194.5	0.904874828061
195	0.938311833418
195.5	0.938311833418
196.0	0.938311833418
196.5	0.807356457565
197.0	0.807356457565
197.5	0.874220930233
198.0	0.874220930233
198.5	0.874220930233
199.0	0.874220930233
199.5	0.912051795174
200.0	0.912051795174
200.5	0.912051795174
201.0	0.912051795174
201.5	0.912051795174
202.0	0.912051795174
202.5	0.517183550652
203.0	0.517183550652
203.5	0.517183550652
204.0	0.517183550652
204.5	0.517183550652
205.0	0.517183550652
205.5	0.517183550652
206.0	0.517183550652
206.5	0.517183550652
207.0	0.517183550652
207.5	0.330602578108
208.0	0.330602578108
208.5	0.330602578108
209.0	0.330602578108
209.5	0.330602578108
210.0	0.330602578108
210.5	0.330602578108
211.0	0.330602578108
211.5	0.308401105805
212.0	0.308401105805
212.5	0.308401105805
213.0	0.308401105805
213.5	0.308401105805
214.0	0.308401105805
214.5	0.308401105805
215.0	0.308401105805
215.5	0.308401105805
216.0	0.308401105805
216.5	0.308401105805
217	0.298840336134
217.5	0.298840336134
218.0	0.298840336134
218.5	0.298840336134
219.0	0.298840336134
219.5	0.298840336134
220.0	0.298840336134
220.5	0.40578757515
221.0	0.40578757515
221.5	0.40578757515
222.0	0.40578757515
222.5	0.40578757515
223.0	0.40578757515
223.5	0.570984672897
224.0	0.570984672897
224.5	0.570984672897
225.0	0.570984672897
225.5	0.570984672897
226	0.448874411871
226.5	0.448874411871
227.0	0.448874411871
227.5	0.448874411871
228.0	0.448874411871
228.5	0.643535528596
229.0	0.643535528596
229.5	0.643535528596
230.0	0.643535528596
230.5	0.722944596818
231.0	0.722944596818
231.5	0.722944596818
232.0	0.722944596818
232.5	0.696524017467
233.0	0.696524017467
233.5	0.696524017467
234	0.765302325581
234.5	0.765302325581
235.0	0.765302325581
235.5	0.765302325581
236.0	0.765302325581
236.5	0.765302325581
237	0.623541781091
237.5	0.623541781091
238	0.755967213115
238.5	0.755967213115
239.0	0.755967213115
239.5	0.755967213115
240	0.621707086614
240.5	0.621707086614
241.0	0.621707086614
241.5	0.621707086614
242.0	0.621707086614
242.5	0.659938349955
243.0	0.659938349955
243.5	0.659938349955
244.0	0.659938349955
244.5	0.659938349955
245.0	0.659938349955
245.5	0.659938349955
246.0	0.659938349955
246.5	0.382209950012
247.0	0.382209950012
247.5	0.382209950012
248.0	0.382209950012
248.5	0.382209950012
249.0	0.382209950012
249.5	0.382209950012
250	0.429786513456
250.5	0.429786513456
251.0	0.429786513456
251.5	0.429786513456
252	0.824312354312
252.5	0.824312354312
253	0.782064285714
253.5	0.782064285714
254.0	0.782064285714
254.5	0.782064285714
255.0	0.782064285714
255.5	0.782064285714
256	0.633549493375
256.5	0.633549493375
257.0	0.633549493375
257.5	0.633549493375
258.0	0.633549493375
258.5	0.633549493375
259.0	0.633549493375
259.5	0.633549493375
260	0.372276122931
260.5	0.372276122931
261.0	0.372276122931
261.5	0.372276122931
262.0	0.372276122931
262.5	0.372276122931
263.0	0.372276122931
263.5	0.372276122931
264	0.354802855574
264.5	0.354802855574
265.0	0.354802855574
265.5	0.354802855574
266.0	0.354802855574
266.5	0.459215745647
267.0	0.459215745647
267.5	0.459215745647
268.0	0.459215745647
268.5	0.459215745647
269.0	0.459215745647
269.5	0.48558962421
270.0	0.48558962421
270.5	0.48558962421
271.0	0.48558962421
271.5	0.48558962421
272	0.606329824561
272.5	0.606329824561
273.0	0.606329824561
273.5	0.606329824561
274.0	0.606329824561
274.5	0.606329824561
275.0	0.606329824561
275.5	0.516098870919
276.0	0.516098870919
276.5	0.516098870919
277.0	0.516098870919
277.5	0.516098870919
278	0.610253220791
278.5	0.610253220791
279.0	0.610253220791
279.5	0.610253220791
280.0	0.610253220791
280.5	0.610253220791
281	0.460245117845
281.5	0.460245117845
282.0	0.460245117845
282.5	0.460245117845
283.0	0.460245117845
283.5	0.553414860681
284.0	0.553414860681
284.5	0.553414860681
285.0	0.553414860681
285.5	0.553414860681
286.0	0.553414860681
286.5	0.552198269079
287.0	0.552198269079
287.5	0.552198269079
288.0	0.552198269079
288.5	0.731756073376
289.0	0.731756073376
289.5	0.731756073376
290	0.887890726096
290.5	0.887890726096
291.0	0.887890726096
291.5	0.887890726096
292	0.803231143552
292.5	0.803231143552
293.0	0.803231143552
293.5	0.803231143552
294	0.730508826584
294.5	0.730508826584
295.0	0.730508826584
295.5	0.730508826584
296	0.773083829097
296.5	0.773083829097
297.0	0.773083829097
297.5	0.969648044693
298.0	0.969648044693
298.5	0.969648044693
299.0	0.969648044693
299.5	0.832221286831
300.0	0.832221286831
300.5	0.832221286831
301	0.910380780781
301.5	0.910380780781
302.0	0.910380780781
302.5	0.910380780781
303	0.798783815029
303.5	0.798783815029
304.0	0.798783815029
304.5	0.747251287922
305.0	0.747251287922
305.5	0.747251287922
306.0	0.747251287922
306.5	0.872335731415
307.0	0.872335731415
307.5	0.872335731415
308	1.04947709655
308.5	1.04947709655
309.0	1.04947709655
309.5	0.983718562874
310.0	0.983718562874
310.5	0.983718562874
311	0.95769519833
311.5	0.95769519833
312.0	0.95769519833
312.5	0.920271276596
313.0	0.920271276596
