0.0	1.54957101635
0.5	1.54957101635
1.0	1.54957101635
1.5	1.76832258065
2	1.51861951909
2.5	1.51861951909
3.0	1.51861951909
3.5	1.32353112369
4.0	1.32353112369
4.5	1.32353112369
5	1.10934907251
5.5	1.10934907251
6.0	1.10934907251
6.5	1.39436679245
7.0	1.39436679245
7.5	1.284
8.0	1.284
8.5	1.46163791009
9.0	1.46163791009
9.5	1.41255788514
10.0	1.41255788514
10.5	1.52403546798
11.0	1.52403546798
11.5	1.52403546798
12	1.53621116751
12.5	1.53621116751
13	0.976235481305
13.5	0.976235481305
14.0	0.976235481305
14.5	1.04245702865
15.0	1.04245702865
15.5	1.04245702865
16.0	1.04245702865
16.5	1.04245702865
17	0.709772658988
17.5	0.709772658988
18.0	0.709772658988
18.5	1.11163318777
19.0	1.11163318777
19.5	1.33072961373
20.0	1.33072961373
20.5	1.33072961373
21	1.1226606198
21.5	1.1226606198
22	1.29973175542
22.5	1.29973175542
23.0	1.29973175542
23.5	1.29973175542
24.0	1.29973175542
24.5	0.578145791381
25.0	0.578145791381
25.5	0.578145791381
26.0	0.578145791381
26.5	0.50241221374
27.0	0.50241221374
27.5	0.50241221374
28.0	0.50241221374
28.5	0.50241221374
29	0.756140818268
29.5	0.756140818268
30.0	0.756140818268
30.5	0.756140818268
31.0	0.756140818268
31.5	0.756140818268
32.0	0.756140818268
32.5	0.756140818268
33	0.243602746962
33.5	0.243602746962
34.0	0.243602746962
34.5	0.243602746962
35.0	0.243602746962
35.5	0.243602746962
36.0	0.243602746962
36.5	0.309634509804
37.0	0.309634509804
37.5	0.309634509804
38.0	0.309634509804
38.5	0.309634509804
39.0	0.309634509804
39.5	0.309634509804
40	0.449605929586
40.5	0.449605929586
41.0	0.449605929586
41.5	0.449605929586
42.0	0.449605929586
42.5	0.449605929586
43.0	0.449605929586
43.5	0.449605929586
44.0	0.449605929586
44.5	0.370224579202
45.0	0.370224579202
45.5	0.370224579202
46.0	0.370224579202
46.5	0.370224579202
47.0	0.370224579202
47.5	0.370224579202
48.0	0.370224579202
48.5	0.346913351233
49.0	0.346913351233
49.5	0.346913351233
50.0	0.346913351233
50.5	0.346913351233
51.0	0.346913351233
51.5	0.346913351233
52	0.460006504065
52.5	1.32915326252
53.0	1.32915326252
53.5	1.32915326252
54.0	1.32915326252
54.5	0.850255230126
55.0	0.850255230126
55.5	0.850255230126
56.0	0.850255230126
56.5	0.850255230126
57.0	0.850255230126
57.5	0.555459611993
58.0	0.555459611993
58.5	0.555459611993
59	0.938411038489
59.5	0.938411038489
60	1.41734579439
60.5	1.41734579439
61.0	1.41734579439
61.5	1.17000641026
62.0	1.17000641026
62.5	1.17000641026
63.0	1.17000641026
63.5	0.679996064929
64.0	0.679996064929
64.5	0.679996064929
65.0	0.679996064929
65.5	0.679996064929
66.0	0.679996064929
66.5	0.563376415723
67.0	0.563376415723
67.5	0.563376415723
68	0.859086929331
68.5	0.859086929331
69.0	0.859086929331
69.5	1.41211570248
70	2.07852325581
70.5	2.07852325581
71	1.64945710928
71.5	1.64945710928
72	1.95231746032
72.5	1.92376323988
73.0	1.92376323988
73.5	1.92376323988
74	1.0788496732
74.5	1.0788496732
75.0	1.0788496732
75.5	1.4841350211
76	2.84747410359
76.5	2.12314373089
77.0	2.12314373089
77.5	1.37163924678
78.0	1.37163924678
78.5	1.37163924678
79	1.26843849372
79.5	1.26843849372
80	1.66493493976
80.5	2.52016988417
81.0	2.52016988417
81.5	2.35445954693
82	2.21608333333
82.5	2.09275159236
83.0	2.09275159236
83.5	2.31295462185
84	2.15926365055
84.5	2.15926365055
85	1.98156097561
85.5	1.98156097561
86	2.11012810458
86.5	2.27833816425
87	2.16757312253
87.5	2.00052631579
88.0	2.00052631579
88.5	1.85332542038
89	2.1904
89.5	2.1904
90	2.24202714932
90.5	2.17700628931
91	2.21233898305
91.5	2.21233898305
92.0	2.21233898305
92.5	2.21233898305
93	1.81347045952
93.5	1.81347045952
94	1.5496254417
94.5	1.5496254417
95	1.71511821086
95.5	1.71511821086
96	1.37928222409
96.5	1.37928222409
97	1.89035632184
97.5	1.89035632184
98	2.01696069869
98.5	1.97111351351
99	2.03886101695
99.5	2.03886101695
100	2.16723916084
100.5	2.16723916084
101	2.20042105263
101.5	2.20042105263
102	1.69258165548
102.5	1.69258165548
103	1.03817935702
103.5	1.03817935702
104.0	1.03817935702
104.5	1.03817935702
105	0.762166585485
105.5	0.762166585485
106.0	0.762166585485
106.5	0.762166585485
107	0.803979580261
107.5	0.803979580261
108	1.45050712251
108.5	1.45050712251
109.0	1.45050712251
109.5	1.45050712251
110	0.752116434203
110.5	0.752116434203
111.0	0.752116434203
111.5	0.752116434203
112.0	0.752116434203
112.5	0.752116434203
113	0.535815295815
113.5	0.535815295815
114	1.01535285054
114.5	1.01535285054
115.0	1.01535285054
115.5	1.02832091691
116.0	1.02832091691
116.5	1.59553939394
117.0	1.59553939394
117.5	1.47440445269
118.0	1.47440445269
118.5	1.47440445269
119	0.865990610329
119.5	0.865990610329
120.0	0.865990610329
120.5	0.660542108199
121.0	0.660542108199
121.5	0.660542108199
122.0	0.660542108199
122.5	0.660542108199
123.0	0.660542108199
123.5	0.508851450542
124.0	0.508851450542
124.5	0.508851450542
125.0	0.508851450542
125.5	0.508851450542
126.0	0.508851450542
126.5	0.588370831807
127.0	0.588370831807
127.5	0.588370831807
128	1.04277622891
128.5	1.04277622891
129	1.82754521964
129.5	1.58106859206
130.0	1.58106859206
130.5	1.72212711864
131.0	1.72212711864
131.5	1.49546818613
132.0	1.49546818613
132.5	1.7438488529
133.0	1.7438488529
133.5	1.34955283648
134.0	1.34955283648
134.5	1.48996734694
135.0	1.48996734694
135.5	1.48996734694
136	1.32671017274
136.5	1.32671017274
137	1.26025037258
137.5	1.26025037258
138.0	1.26025037258
138.5	1.32722705314
139.0	1.32722705314
139.5	1.32722705314
140	0.900479578393
140.5	0.900479578393
141.0	0.900479578393
141.5	0.900479578393
142.0	0.900479578393
142.5	0.620131830009
143	1.81589650712
143.5	3.73658734177
144.0	3.73658734177
144.5	2.05500166389
145.0	2.05500166389
145.5	1.33546925566
146.0	1.33546925566
146.5	1.33546925566
147	1.3386869648
147.5	1.3386869648
148	1.13989792663
148.5	1.13989792663
149.0	1.13989792663
149.5	1.02248600884
150.0	1.02248600884
150.5	1.02248600884
151.0	1.02248600884
151.5	0.913520792079
152.0	0.913520792079
152.5	0.913520792079
153	0.821118093174
153.5	0.821118093174
154.0	0.821118093174
154.5	1.00064880521
155.0	1.00064880521
155.5	1.42205664488
156.0	1.42205664488
156.5	1.42205664488
157	1.19856342669
157.5	1.19856342669
158.0	1.19856342669
158.5	1.07060244428
159.0	1.07060244428
159.5	1.07060244428
160	0.908885200553
160.5	0.908885200553
161.0	0.908885200553
161.5	1.2072
162.0	1.2072
162.5	1.26055373406
163.0	1.26055373406
163.5	1.28830921705
164.0	1.28830921705
164.5	1.28830921705
165.0	1.28830921705
165.5	0.946218053927
166.0	0.946218053927
166.5	1.50676038339
167.0	1.47815633423
167.5	1.47815633423
168	1.04855172414
168.5	1.04855172414
169	1.54980314309
169.5	1.54980314309
170.0	1.54980314309
170.5	1.54980314309
171	0.751198693522
171.5	0.751198693522
172.0	0.751198693522
172.5	1.04552799433
173	1.11596396396
173.5	1.50497391304
174	1.52485981308
174.5	1.52485981308
175.0	1.52485981308
175.5	1.52485981308
176.0	1.52485981308
176.5	1.52485981308
177.0	1.52485981308
177.5	1.05172081218
178.0	1.05172081218
178.5	1.44495551895
179.0	1.44495551895
179.5	1.70152773376
180.0	1.70152773376
180.5	1.70011214953
181.0	1.70011214953
181.5	1.31175274177
182.0	1.31175274177
182.5	1.31175274177
183	1.18965614939
183.5	1.18965614939
184	1.85733106961
184.5	1.85733106961
185	1.447566787
185.5	1.447566787
186.0	1.447566787
186.5	1.447566787
187	0.852352035204
187.5	0.852352035204
188.0	0.852352035204
188.5	1.05374386921
189.0	1.05374386921
189.5	1.36938280543
190.0	1.36938280543
190.5	1.27295435685
191.0	1.27295435685
191.5	1.27295435685
192.0	1.27295435685
192.5	0.968272277228
193.0	0.968272277228
193.5	0.968272277228
194.0	0.968272277228
194.5	0.705182089552
195.0	0.705182089552
195.5	0.705182089552
196	1.08788034188
196.5	1.08788034188
197.0	1.08788034188
197.5	0.970453834116
198.0	0.970453834116
198.5	1.20558441558
199.0	1.20558441558
199.5	1.20558441558
200	1.15506397897
200.5	1.15506397897
201	1.17860098522
201.5	1.17860098522
202	1.46257777778
202.5	2.45658114374
203.0	1.98767241379
203.5	1.98767241379
204	1.58760321716
204.5	1.58760321716
205	2.10988985507
205.5	2.10988985507
206	1.74908932462
206.5	2.2242629108
207.0	2.2242629108
207.5	2.59914540059
208.0	2.59914540059
208.5	2.23923966942
209.0	2.23923966942
209.5	1.89955126659
210.0	1.89955126659
210.5	1.80222036262
211	1.93500478469
211.5	1.93500478469
212	1.47790283401
212.5	1.47790283401
213	1.39358064516
213.5	1.39358064516
214	1.66955182626
214.5	1.66955182626
215	2.05640718563
215.5	2.14252037618
216.0	2.14252037618
216.5	1.76328483354
217.0	1.76328483354
217.5	2.02845086705
218	2.22281927711
218.5	2.22281927711
219	2.04141487603
219.5	2.04141487603
220	1.87786120592
220.5	2.35277591973
221.0	2.35277591973
221.5	2.19574807988
222	1.78475064267
222.5	1.78475064267
223	1.68367883212
223.5	1.68367883212
224	1.87365142151
224.5	2.00274782609
225.0	2.00274782609
225.5	2.41302772643
226	2.64555636364
226.5	2.64555636364
227	1.78348263473
227.5	1.97334534535
228.0	1.97334534535
228.5	2.11724307692
229	2.28397359736
229.5	2.7025031185
230.0	2.7025031185
230.5	2.35313119534
231	2.35415640599
231.5	2.87118324607
232	2.88683544304
232.5	2.88683544304
233	2.30185749386
233.5	2.44239292035
234.0	2.44239292035
234.5	2.18276651982
235	2.12358282209
235.5	1.1844646098
236.0	1.1844646098
236.5	1.1844646098
237.0	1.1844646098
237.5	2.09546396966
238.0	2.09546396966
238.5	2.33268085106
239	2.4346122449
239.5	2.66646254072
240.0	2.66646254072
240.5	2.28022183709
241.0	2.28022183709
241.5	1.83651689861
242	1.85104568528
242.5	1.85104568528
243	2.13285106383
243.5	2.06335019973
244.0	2.06335019973
244.5	2.40574805599
245	2.8822247619
245.5	2.62206837607
246	2.6839245283
246.5	2.6839245283
247	2.94069709544
247.5	3.1298852459
248	3.27240105541
248.5	3.26435164835
249	3.28660349127
249.5	3.14810526316
250	3.11555029586
250.5	2.64460565724
251	2.51989071038
251.5	2.96830075188
252	2.98324590164
252.5	2.55272496025
253.0	2.55272496025
253.5	2.35705472637
254	2.30377850163
254.5	2.61466268657
255.0	2.61466268657
255.5	2.52828615863
256	2.44143875969
256.5	2.5238125
257	2.59241025641
257.5	2.59241025641
258	2.73439700375
258.5	2.75934530938
259	2.82346577629
259.5	3.0058643326
260.0	3.0058643326
260.5	2.70678811881
261	2.34430163934
261.5	2.90018181818
262	2.75364179104
262.5	2.75364179104
263	1.94803785489
263.5	1.94803785489
264	1.79808278867
264.5	2.69017208413
265	2.88191935484
265.5	3.48004010025
266	3.48610579345
266.5	3.15131808732
267	3.10538426966
267.5	2.91394642857
268.0	2.91394642857
268.5	2.69954730983
269	2.51555405405
269.5	2.35951166966
270.0	2.35951166966
270.5	2.49313043478
271	2.64138931298
271.5	2.50463198459
272.0	2.50463198459
272.5	2.50271007752
273	2.56313043478
273.5	2.65186046512
274.0	2.65186046512
274.5	2.41146975547
275.0	2.41146975547
275.5	2.28468874172
276	2.33424050633
276.5	1.106
277	1.07833021807
277.5	1.47656108597
278.0	1.47656108597
278.5	1.47656108597
279.0	1.47656108597
279.5	2.07708270677
280.0	2.07708270677
280.5	2.37050810811
281	2.304
281.5	2.21543707713
282.0	2.21543707713
