0.0	1.26256844305
0.5	1.26256844305
1.0	1.26256844305
1.5	1.26256844305
2	1.19984678523
2.5	1.19984678523
3.0	1.19984678523
3.5	0.83553618677
4.0	0.83553618677
4.5	0.83553618677
5	1.53728450704
5.5	1.53728450704
6.0	1.53728450704
6.5	1.03029600626
7.0	1.03029600626
7.5	1.03029600626
8.0	1.03029600626
8.5	0.860519795063
9.0	0.860519795063
9.5	1.22642152466
10.0	1.22642152466
10.5	1.22642152466
11	1.16337330754
11.5	1.16337330754
12	1.16421938392
12.5	1.16421938392
13.0	1.16421938392
13.5	1.31987713311
14.0	1.31987713311
14.5	1.53309827761
15.0	1.53309827761
15.5	1.39446363636
16.0	1.39446363636
16.5	1.39446363636
17	1.01408165911
17.5	1.01408165911
18.0	1.01408165911
18.5	1.06412612613
19.0	1.06412612613
19.5	1.75359816303
20.0	1.75359816303
20.5	1.60030967742
21.0	1.60030967742
21.5	1.70330275229
22.0	1.70330275229
22.5	1.39611016949
23.0	1.39611016949
23.5	1.39611016949
24	1.11627993779
24.5	1.28421463415
25.0	1.28421463415
25.5	1.28421463415
26	1.56437795276
26.5	1.72388785047
27	1.92264935065
27.5	1.92264935065
28	2.15997626113
28.5	2.15997626113
29	1.61698288016
29.5	1.61698288016
30	1.22315318417
30.5	1.22315318417
31.0	1.22315318417
31.5	1.22315318417
32	0.960298710115
32.5	0.960298710115
33	0.759022530329
33.5	0.759022530329
34.0	0.759022530329
34.5	0.759022530329
35.0	0.759022530329
35.5	0.629379790941
36.0	0.629379790941
36.5	0.629379790941
37.0	0.629379790941
37.5	0.629379790941
38	0.811715463918
38.5	0.811715463918
39.0	0.811715463918
39.5	0.811715463918
40	0.660292284108
40.5	0.660292284108
41	0.99283797054
41.5	0.99283797054
42.0	0.99283797054
42.5	0.985933828494
43.0	0.985933828494
43.5	0.985933828494
44.0	0.985933828494
44.5	0.80420709715
45.0	0.80420709715
45.5	0.80420709715
46	1.39542574257
46.5	1.39542574257
47	1.5935962877
47.5	1.6272952381
48.0	1.6272952381
48.5	1.6272952381
49	1.4488591692
49.5	1.4488591692
50	1.2069544282
50.5	1.2069544282
51.0	1.2069544282
51.5	1.11140963855
52.0	1.11140963855
52.5	1.19675968992
53.0	1.19675968992
53.5	1.19675968992
54	1.14468793343
54.5	1.14468793343
55.0	1.14468793343
55.5	1.07648048967
56.0	1.07648048967
56.5	1.07648048967
57	1.14906109325
57.5	1.14906109325
58	1.27038975297
58.5	1.27038975297
59.0	1.27038975297
59.5	1.0213904059
60.0	1.0213904059
60.5	1.0213904059
61.0	1.0213904059
61.5	0.857829088851
62.0	0.857829088851
62.5	0.857829088851
63.0	0.857829088851
63.5	0.857829088851
64.0	0.857829088851
64.5	0.857829088851
65	0.406081692624
65.5	0.406081692624
66.0	0.406081692624
66.5	0.406081692624
67.0	0.406081692624
67.5	0.406081692624
68.0	0.406081692624
68.5	0.406081692624
69	0.347193617021
69.5	0.347193617021
70.0	0.347193617021
70.5	0.347193617021
71.0	0.347193617021
71.5	0.347193617021
72.0	0.347193617021
72.5	0.347193617021
73.0	0.347193617021
73.5	0.306715008432
74.0	0.306715008432
74.5	0.306715008432
75.0	0.306715008432
75.5	0.306715008432
76.0	0.306715008432
76.5	0.306715008432
77.0	0.306715008432
77.5	0.306715008432
78	0.33502992126
78.5	0.33502992126
79.0	0.33502992126
79.5	0.33502992126
80.0	0.33502992126
80.5	0.573907423581
81.0	0.573907423581
81.5	0.573907423581
82	0.926739393939
82.5	0.926739393939
83.0	0.926739393939
83.5	0.996463642909
84.0	0.996463642909
84.5	0.996463642909
85	0.873004701142
85.5	0.873004701142
86.0	0.873004701142
86.5	0.873004701142
87	0.887437053326
87.5	0.887437053326
88.0	0.887437053326
88.5	1.18002335279
89.0	1.18002335279
89.5	0.977532976827
90	1.05339491917
90.5	1.05339491917
91.0	1.05339491917
91.5	1.05339491917
92	1.11930227001
92.5	1.11930227001
93	1.17944615385
93.5	1.17944615385
94.0	1.17944615385
94.5	1.12185551331
95	1.13644036697
95.5	1.21881690141
96	1.27220272904
96.5	1.27220272904
97.0	1.27220272904
97.5	1.27220272904
98.0	1.27220272904
98.5	1.35973092699
99.0	1.35973092699
99.5	1.35973092699
100	1.63788608777
100.5	1.81976949153
101.0	1.81976949153
101.5	2.00638235294
102.0	2.00638235294
102.5	1.83243454039
103.0	1.83243454039
103.5	1.54605523013
104.0	1.54605523013
104.5	1.78461337684
105	1.97525123153
105.5	1.97525123153
106	1.74109662921
106.5	1.74109662921
107	1.69615789474
107.5	1.69615789474
108	1.81871153846
108.5	1.81871153846
109	1.36045232816
109.5	1.36045232816
110.0	1.26596116505
110.5	1.26596116505
111.0	1.26596116505
111.5	1.22402072539
112.0	1.22402072539
112.5	1.22402072539
113	1.16594198473
113.5	1.16594198473
114	1.0908003518
114.5	1.0908003518
115	1.49274371859
115.5	1.49274371859
116.0	1.49274371859
116.5	1.15607719298
117.0	1.15607719298
117.5	1.15607719298
118	0.917275399361
118.5	0.917275399361
119	1.23164444444
119.5	1.23164444444
120.0	1.23164444444
120.5	1.19594281415
121.0	1.19594281415
121.5	1.14285006196
122.0	1.14285006196
122.5	1.23113513514
123.0	1.23113513514
123.5	1.26045367965
124.0	1.26045367965
124.5	1.26045367965
125	1.30860961695
125.5	1.30860961695
126.0	1.30860961695
126.5	1.0949953775
127.0	1.0949953775
127.5	1.16325657895
128.0	1.16325657895
128.5	1.16325657895
129	0.763654751526
129.5	0.763654751526
130.0	0.763654751526
130.5	0.763654751526
131.0	0.763654751526
131.5	0.763654751526
132	0.536176781003
132.5	0.536176781003
133.0	0.536176781003
133.5	0.536176781003
134.0	0.536176781003
134.5	0.536176781003
135	0.560401423488
135.5	0.560401423488
136.0	0.560401423488
136.5	0.560401423488
137.0	0.560401423488
137.5	0.573034146341
138.0	0.573034146341
138.5	0.573034146341
139.0	0.573034146341
139.5	0.573034146341
140	0.501756823821
140.5	0.501756823821
141.0	0.501756823821
141.5	0.501756823821
142.0	0.501756823821
142.5	0.501756823821
143	0.472852331606
143.5	0.472852331606
144.0	0.472852331606
144.5	0.472852331606
145.0	0.472852331606
145.5	0.472852331606
146	0.47392252314
146.5	0.47392252314
147.0	0.47392252314
147.5	0.47392252314
148.0	0.47392252314
148.5	0.47392252314
149.0	0.47392252314
149.5	0.47392252314
150.0	0.47392252314
150.5	0.47392252314
151.0	0.47392252314
151.5	0.320921442125
152.0	0.320921442125
152.5	0.320921442125
153.0	0.320921442125
153.5	0.320921442125
154.0	0.320921442125
154.5	0.320921442125
155.0	0.320921442125
155.5	0.39013916501
156.0	0.39013916501
156.5	0.39013916501
157.0	0.39013916501
157.5	0.39013916501
158.0	0.39013916501
158.5	0.39013916501
159	0.404296953564
159.5	0.404296953564
160.0	0.404296953564
160.5	0.404296953564
161.0	0.404296953564
161.5	0.572926282051
162.0	0.572926282051
162.5	0.572926282051
163.0	0.572926282051
163.5	0.572926282051
164.0	0.572926282051
164.5	0.572926282051
165	0.396746184285
165.5	0.396746184285
166.0	0.396746184285
166.5	0.396746184285
167.0	0.396746184285
167.5	0.396746184285
168.0	0.396746184285
168.5	0.396746184285
169.0	0.396746184285
169.5	0.396746184285
170	0.320719687093
170.5	0.320719687093
171.0	0.320719687093
171.5	0.320719687093
172.0	0.320719687093
172.5	0.320719687093
173	0.36834357292
173.5	0.36834357292
174.0	0.36834357292
174.5	0.36834357292
175.0	0.36834357292
175.5	0.36834357292
176.0	0.36834357292
176.5	0.36834357292
177	0.42707373868
177.5	0.42707373868
178.0	0.42707373868
178.5	0.42707373868
179.0	0.42707373868
179.5	0.42707373868
180	0.488527777778
180.5	0.488527777778
181.0	0.488527777778
181.5	0.488527777778
182.0	0.488527777778
182.5	0.594358419958
183.0	0.594358419958
183.5	0.594358419958
184.0	0.594358419958
184.5	0.594358419958
185	0.706274669379
185.5	0.706274669379
186.0	0.706274669379
186.5	0.706274669379
187	0.653747756259
187.5	0.653747756259
188.0	0.653747756259
188.5	0.920889428919
189.0	0.920889428919
189.5	0.920889428919
190.0	0.920889428919
190.5	0.920889428919
191	0.704689444161
191.5	0.704689444161
192.0	0.704689444161
192.5	0.704689444161
193	0.651096259352
193.5	0.651096259352
194.0	0.651096259352
194.5	0.651096259352
195.0	0.651096259352
195.5	0.554518292683
196.0	0.554518292683
196.5	0.554518292683
197.0	0.554518292683
197.5	0.554518292683
198.0	0.554518292683
198.5	0.554518292683
199	0.434044884873
199.5	0.434044884873
200.0	0.434044884873
200.5	0.434044884873
201.0	0.434044884873
201.5	0.546237738986
202.0	0.546237738986
202.5	0.546237738986
203.0	0.546237738986
203.5	0.931128552097
204.0	0.931128552097
204.5	1.33987221684
205.0	1.33987221684
205.5	1.36544537815
206.0	1.36544537815
206.5	1.36544537815
207	1.16468109668
207.5	1.16468109668
208	1.23567510917
208.5	1.23567510917
209	1.35573794808
209.5	1.14603015075
210.0	1.14603015075
210.5	1.14603015075
211	1.33741042113
211.5	1.33741042113
212.0	1.33741042113
212.5	1.23100089206
213.0	1.23100089206
213.5	1.23100089206
214	0.942043422733
214.5	1.65619138756
215	1.60748768473
215.5	1.60748768473
216.0	1.60748768473
216.5	1.60748768473
217.0	1.60748768473
217.5	1.60748768473
218.0	1.60748768473
218.5	1.60748768473
219.0	1.60748768473
219.5	1.60748768473
220.0	1.60748768473
220.5	1.60748768473
221.0	1.60748768473
221.5	1.60748768473
222.0	1.60748768473
222.5	1.60748768473
223	0.785233468725
223.5	0.785233468725
224.0	0.785233468725
224.5	1.03065569918
225.0	1.03065569918
225.5	1.03065569918
226	0.967264864865
226.5	0.967264864865
227.0	0.967264864865
227.5	0.967264864865
228.0	0.967264864865
228.5	0.696091836735
229.0	0.696091836735
229.5	0.696091836735
230.0	0.696091836735
230.5	0.6365205612
231.0	0.6365205612
231.5	0.6365205612
232.0	0.6365205612
232.5	0.6365205612
233	0.832598467778
233.5	0.832598467778
234.0	0.832598467778
234.5	0.832598467778
235.0	0.832598467778
235.5	0.471944779983
236.0	0.471944779983
236.5	0.471944779983
237.0	0.471944779983
237.5	0.522330872775
238.0	0.522330872775
238.5	0.522330872775
239.0	0.522330872775
239.5	0.972130489335
240.0	0.972130489335
240.5	0.972130489335
241	1.01769473684
241.5	1.01769473684
242.0	1.01769473684
242.5	1.01769473684
243	0.813531182796
243.5	0.813531182796
244.0	0.813531182796
244.5	0.980134185304
245.0	0.980134185304
245.5	0.980134185304
246.0	0.980134185304
246.5	0.811580912863
247.0	0.811580912863
247.5	0.811580912863
248	1.001
248.5	1.001
249	1.29220304569
249.5	1.29220304569
250	1.25276767677
250.5	1.25276767677
251.0	1.25276767677
251.5	1.17599366587
252.0	1.17599366587
252.5	1.17599366587
253	1.22370287837
253.5	1.22370287837
254	1.24937859008
254.5	1.24937859008
255	1.22733799534
255.5	1.22733799534
256.0	1.22733799534
256.5	1.22168178324
257.0	1.22168178324
257.5	0.923203203203
258.0	0.923203203203
258.5	1.38520701754
259.0	1.38520701754
259.5	1.38520701754
260	1.0720353461
260.5	1.0720353461
261.0	1.0720353461
261.5	1.18324539425
262.0	1.18324539425
262.5	1.08579373568
263.0	1.08579373568
263.5	1.08579373568
264	1.43025278059
264.5	1.18047439353
265.0	1.18047439353
265.5	1.18047439353
266	1.22324153499
266.5	1.22324153499
267.0	1.22324153499
267.5	1.22324153499
268	0.789337343358
268.5	0.789337343358
269.0	0.789337343358
269.5	0.789337343358
270	0.78600486618
270.5	0.78600486618
271	0.9713755004
271.5	0.9713755004
272.0	0.9713755004
272.5	1.08724348474
273.0	1.08724348474
273.5	1.08724348474
274	1.00981154127
274.5	1.00981154127
275.0	1.00981154127
275.5	1.00981154127
276	1.04592207792
276.5	1.04592207792
277	1.18933333333
277.5	1.18933333333
278.0	1.18933333333
278.5	0.997029905179
279.0	0.997029905179
279.5	1.40750393701
280.0	1.40750393701
280.5	1.40750393701
281	1.27260924751
281.5	1.27260924751
282	1.57687179487
282.5	1.57687179487
283	1.30280168776
283.5	1.30280168776
284	1.59328185328
284.5	1.59328185328
285	1.30515769944
285.5	1.30515769944
286.0	1.30515769944
286.5	1.40830738916
287.0	1.40830738916
287.5	1.40830738916
288.0	1.40830738916
288.5	0.704840609137
289.0	0.704840609137
289.5	0.704840609137
290.0	0.704840609137
290.5	0.704840609137
291.0	0.704840609137
291.5	0.704840609137
292.0	0.704840609137
292.5	0.352877103519
293.0	0.352877103519
293.5	0.352877103519
294.0	0.352877103519
294.5	0.352877103519
295.0	0.352877103519
295.5	0.352877103519
296.0	0.352877103519
296.5	0.399416073781
297.0	0.399416073781
297.5	0.399416073781
298.0	0.399416073781
298.5	0.649692524683
299.0	0.649692524683
299.5	0.649692524683
300.0	0.649692524683
300.5	0.649692524683
301	0.553625106022
301.5	0.553625106022
302.0	0.553625106022
302.5	0.553625106022
303	0.706337864078
303.5	0.706337864078
304.0	0.706337864078
304.5	0.706337864078
305	0.969536458333
305.5	0.969536458333
306.0	0.969536458333
306.5	0.907629834254
307.0	0.907629834254
307.5	0.907629834254
308.0	0.907629834254
308.5	0.60254290718
309.0	0.60254290718
309.5	0.60254290718
310.0	0.60254290718
310.5	0.60254290718
311	0.58972645931
311.5	0.58972645931
312.0	0.58972645931
312.5	0.58972645931
313	0.82324509183
313.5	0.82324509183
314.0	0.82324509183
314.5	0.82324509183
315	0.855457339693
315.5	0.855457339693
