0.0	1.45051380552
0.5	1.45051380552
1.0	1.45051380552
1.5	1.45051380552
2.0	1.45051380552
2.5	1.45051380552
3	0.695549563838
3.5	0.695549563838
4.0	0.695549563838
4.5	0.695549563838
5	0.561833594976
5.5	0.561833594976
6.0	0.561833594976
6.5	0.561833594976
7.0	0.561833594976
7.5	0.561833594976
8	0.792453049371
8.5	0.792453049371
9	1.07403102041
9.5	1.07403102041
10.0	1.07403102041
10.5	1.07403102041
11	1.07103536232
11.5	1.07103536232
12	1.14792025184
12.5	1.14792025184
13	1.14564571429
13.5	1.14564571429
14.0	1.14564571429
14.5	1.28702325581
15.0	1.28702325581
15.5	1.29123205342
16.0	1.29123205342
16.5	1.29123205342
17	1.2769350211
17.5	1.2769350211
18	1.15440075259
18.5	1.15440075259
19.0	1.15440075259
19.5	1.49591586998
20.0	1.49591586998
20.5	1.27236624776
21.0	1.27236624776
21.5	1.54281212121
22.0	1.54281212121
22.5	1.30277310924
23.0	1.30277310924
23.5	1.5109664293
24.0	1.5109664293
24.5	1.66615423515
25.0	1.66615423515
25.5	1.66615423515
26	1.22800342173
26.5	1.28578266178
27.0	1.28578266178
27.5	1.28578266178
28	1.31139273927
28.5	1.31139273927
29	1.32131805158
29.5	1.51065306122
30.0	1.51065306122
30.5	1.51065306122
31	1.44714115308
31.5	1.44714115308
32	1.51050235183
32.5	1.51050235183
33	1.63556271577
33.5	1.63556271577
34	1.77703517588
34.5	1.29572781065
35.0	1.29572781065
35.5	1.29572781065
36	1.40630449827
36.5	1.40630449827
37.0	1.40630449827
37.5	1.40630449827
38	0.851204324324
38.5	0.851204324324
39.0	0.851204324324
39.5	0.868408602151
40.0	0.868408602151
40.5	0.868408602151
41.0	0.868408602151
41.5	0.594146914789
42.0	0.594146914789
42.5	0.594146914789
43.0	0.594146914789
43.5	0.594146914789
44.0	0.594146914789
44.5	0.52524028777
45.0	0.52524028777
45.5	0.52524028777
46.0	0.52524028777
46.5	0.52524028777
47	0.563338223309
47.5	0.563338223309
48.0	0.563338223309
48.5	0.563338223309
49.0	0.563338223309
49.5	0.738862385321
50.0	0.738862385321
50.5	0.738862385321
51.0	0.738862385321
51.5	0.617106918239
52.0	0.617106918239
52.5	0.617106918239
53.0	0.617106918239
53.5	0.617106918239
54.0	0.617106918239
54.5	0.617106918239
55	0.436300031918
55.5	0.436300031918
56.0	0.436300031918
56.5	0.436300031918
57.0	0.436300031918
57.5	0.436300031918
58.0	0.436300031918
58.5	0.436300031918
59	0.367993823984
59.5	0.367993823984
60.0	0.367993823984
60.5	0.367993823984
61	0.691812715623
61.5	0.691812715623
62.0	0.691812715623
62.5	0.691812715623
63	0.810517298188
63.5	0.810517298188
64.0	0.810517298188
64.5	0.93920608365
65.0	0.93920608365
65.5	0.93920608365
66	1.02651741294
66.5	1.02651741294
67.0	1.02651741294
67.5	1.02651741294
68	0.794443817053
68.5	0.794443817053
69.0	0.794443817053
69.5	0.794443817053
70	0.700015670911
70.5	0.700015670911
71.0	0.700015670911
71.5	0.894675257732
72.0	0.894675257732
72.5	0.894675257732
73.0	0.894675257732
73.5	0.925122994652
74.0	0.925122994652
74.5	0.925122994652
75	0.849178711485
75.5	0.849178711485
76.0	0.849178711485
76.5	0.849178711485
77	0.928069845534
77.5	0.928069845534
78	1.27236647173
78.5	1.27236647173
79	1.28085915493
79.5	1.28085915493
80.0	1.28085915493
80.5	1.33441577061
81.0	1.33441577061
81.5	1.59302787879
82.0	1.59302787879
82.5	1.3007637051
83.0	1.3007637051
83.5	1.34508066084
84.0	1.34508066084
84.5	1.61880946451
85.0	1.61880946451
85.5	1.35993934288
86.0	1.35993934288
86.5	1.51807725322
87.0	1.51807725322
87.5	1.51807725322
88	1.03373421301
88.5	0.791875
89.0	0.791875
89.5	0.791875
90	1.40247904192
90.5	1.40247904192
91	1.49507258938
91.5	1.49507258938
92	1.76887290168
92.5	1.96672727273
93	1.8281232493
93.5	1.8281232493
94.0	1.8281232493
94.5	1.8281232493
95	1.59683236994
95.5	1.59683236994
96.0	1.59683236994
96.5	1.43667158067
97.0	1.43667158067
97.5	1.47481318681
98.0	1.47481318681
98.5	1.47481318681
99.0	1.47481318681
99.5	0.783728099569
100.0	0.783728099569
100.5	0.783728099569
101	1.12548160821
101.5	1.12548160821
102.0	1.12548160821
102.5	1.10169111509
103.0	1.10169111509
103.5	1.12086885246
104.0	1.12086885246
104.5	1.37007744875
105.0	1.37007744875
105.5	1.37007744875
106	1.14359852399
106.5	1.14359852399
107.0	1.14359852399
107.5	1.365309797
108.0	1.365309797
108.5	1.13430884558
109.0	1.13430884558
109.5	1.13430884558
110	0.992019401778
110.5	0.992019401778
111.0	0.992019401778
111.5	0.992019401778
112	0.943175406872
112.5	0.943175406872
113	1.619904
113.5	1.619904
114.0	1.619904
114.5	0.928500911854
115.0	0.928500911854
115.5	0.928500911854
116	0.919377316531
116.5	0.919377316531
117.0	0.919377316531
117.5	0.919377316531
118	0.831623740202
118.5	0.831623740202
119	1.24450236072
119.5	1.24450236072
120.0	1.24450236072
120.5	1.17860098522
121.0	1.17860098522
121.5	1.17136373749
122.0	1.17136373749
122.5	1.26344038156
123.0	1.26344038156
123.5	1.37859491779
124.0	1.37859491779
124.5	1.59616172507
125.0	1.59616172507
125.5	1.49315282051
126.0	1.49315282051
126.5	1.49315282051
127	1.04808355091
127.5	1.04808355091
128	1.27129159213
128.5	1.27129159213
129.0	1.27129159213
129.5	1.05482475764
130.0	1.05482475764
130.5	1.11439185751
131.0	1.11439185751
131.5	1.11439185751
132	1.19711929308
132.5	1.19711929308
133.0	1.19711929308
133.5	1.32664532435
134	1.61322347066
134.5	1.61322347066
135	1.57360311284
135.5	1.57360311284
136.0	1.57360311284
136.5	1.30839426523
137.0	1.30839426523
137.5	1.08511145997
138.0	1.08511145997
138.5	1.08511145997
139.0	1.08511145997
139.5	1.01699098016
140.0	1.01699098016
140.5	1.01699098016
141	0.974241134752
141.5	0.974241134752
142.0	0.974241134752
142.5	0.888192332684
143.0	0.888192332684
143.5	0.888192332684
144.0	0.888192332684
144.5	0.828039374638
145.0	0.828039374638
145.5	0.828039374638
146.0	0.828039374638
146.5	0.741515055468
147.0	0.741515055468
147.5	0.741515055468
148.0	0.741515055468
148.5	0.741515055468
149	0.61626388309
149.5	0.61626388309
150.0	0.61626388309
150.5	0.61626388309
151	0.635971163749
151.5	0.635971163749
152	1.56310606061
152.5	1.56310606061
153	1.35675988428
153.5	1.35675988428
154.0	1.35675988428
154.5	1.46458196721
155	1.56719638826
155.5	1.56719638826
156.0	1.56719638826
156.5	1.41801639344
157.0	1.41801639344
157.5	1.36311510791
158.0	1.36311510791
158.5	1.63731753555
159.0	1.63731753555
159.5	1.40825026969
160.0	1.40825026969
160.5	1.39909230769
161.0	1.39909230769
161.5	1.57588148148
162.0	1.57588148148
162.5	1.6936185567
163.0	1.6936185567
163.5	1.49101625135
164.0	1.49101625135
164.5	1.52600661521
165.0	1.52600661521
165.5	1.47716363636
166.0	1.47716363636
166.5	1.47716363636
167	1.36338513514
167.5	1.36338513514
168	1.39119764012
168.5	1.4188771022
169	1.27764705882
169.5	1.27764705882
170.0	1.27764705882
170.5	1.27764705882
171	1.19420777565
171.5	1.19420777565
172	1.21048421053
172.5	1.21048421053
173.0	1.21048421053
173.5	0.987443105756
174.0	0.987443105756
174.5	0.91757037037
175	0.908514435696
175.5	0.872513368984
176.0	0.872513368984
176.5	0.872513368984
177.0	0.872513368984
177.5	0.872513368984
178.0	0.872513368984
178.5	0.872513368984
179.0	0.872513368984
179.5	0.872513368984
180.0	0.872513368984
180.5	0.872513368984
181.0	0.872513368984
181.5	0.872513368984
182.0	0.872513368984
182.5	0.872513368984
183.0	0.872513368984
183.5	0.872513368984
184.0	0.872513368984
184.5	0.872513368984
185.0	0.872513368984
185.5	0.872513368984
186.0	0.872513368984
186.5	0.872513368984
187.0	0.872513368984
187.5	0.872513368984
188.0	0.872513368984
188.5	0.872513368984
189.0	0.872513368984
189.5	0.872513368984
190	0.504532511556
190.5	0.504532511556
191.0	0.504532511556
191.5	0.504532511556
192.0	0.504532511556
192.5	0.504532511556
193	0.450732442617
193.5	0.450732442617
194.0	0.450732442617
194.5	1.26284073821
195.0	1.26284073821
195.5	1.26284073821
196	0.979380483438
196.5	0.979380483438
197	1.03879792746
197.5	1.03879792746
198.0	1.03879792746
198.5	1.03879792746
199	0.90091627907
199.5	0.90091627907
200.0	0.90091627907
200.5	0.979668144395
201.0	0.979668144395
201.5	0.979668144395
202	0.998131926121
202.5	0.998131926121
203.0	0.998131926121
203.5	0.9817024
204.0	0.9817024
204.5	0.9817024
205	1.08888517745
205.5	1.08888517745
206.0	1.08888517745
206.5	0.899946666667
207.0	0.899946666667
207.5	0.899946666667
208.0	0.899946666667
208.5	0.991164179104
209.0	0.991164179104
209.5	0.992986389111
210.0	0.992986389111
210.5	0.992986389111
211.0	0.992986389111
211.5	0.776008359457
212.0	0.776008359457
212.5	0.776008359457
213.0	0.776008359457
213.5	0.878618666667
214.0	0.878618666667
214.5	0.878618666667
215.0	0.878618666667
215.5	0.878618666667
216.0	0.878618666667
216.5	0.878618666667
217.0	0.878618666667
217.5	0.878618666667
218	0.320003566652
218.5	0.320003566652
219.0	0.320003566652
219.5	0.320003566652
220.0	0.320003566652
220.5	0.437134080531
221.0	0.437134080531
221.5	0.437134080531
222.0	0.437134080531
222.5	0.437134080531
223.0	0.437134080531
223.5	0.491468150897
224.0	0.491468150897
224.5	0.491468150897
225.0	0.491468150897
225.5	0.626974847043
226.0	0.626974847043
226.5	0.626974847043
227.0	0.626974847043
227.5	0.626974847043
228.0	0.626974847043
228.5	0.626974847043
229.0	0.626974847043
229.5	0.302980813507
230.0	0.302980813507
230.5	0.302980813507
231.0	0.302980813507
231.5	0.302980813507
232.0	0.302980813507
232.5	0.45268159204
233.0	0.45268159204
233.5	0.45268159204
234.0	0.45268159204
234.5	0.45268159204
235.0	0.45268159204
235.5	0.45268159204
236.0	0.45268159204
236.5	0.452682266704
237.0	0.452682266704
237.5	0.452682266704
238.0	0.452682266704
238.5	0.452682266704
239.0	0.452682266704
239.5	0.452682266704
240.0	0.452682266704
240.5	0.452682266704
241	0.32643638034
241.5	0.32643638034
242.0	0.32643638034
242.5	0.32643638034
243.0	0.32643638034
243.5	0.32643638034
244.0	0.32643638034
244.5	0.32643638034
245.0	0.32643638034
245.5	0.32643638034
246	0.27265227448
246.5	0.27265227448
247.0	0.27265227448
247.5	0.27265227448
248.0	0.27265227448
248.5	0.27265227448
249.0	0.27265227448
249.5	0.27265227448
250	0.237954903559
250.5	0.237954903559
251.0	0.237954903559
251.5	0.237954903559
252.0	0.237954903559
252.5	0.237954903559
253.0	0.237954903559
253.5	0.237954903559
254.0	0.237954903559
254.5	0.237954903559
255.0	0.237954903559
255.5	0.237954903559
256	0.278944406314
256.5	0.278944406314
257.0	0.278944406314
257.5	0.278944406314
258.0	0.278944406314
258.5	0.278944406314
259	0.550796782092
259.5	0.550796782092
260.0	0.550796782092
260.5	0.550796782092
261.0	0.550796782092
261.5	0.565510722101
262.0	0.565510722101
262.5	0.565510722101
263.0	0.565510722101
263.5	0.690129692833
264.0	0.690129692833
264.5	0.690129692833
265	0.894162890386
265.5	0.894162890386
266.0	0.894162890386
266.5	1.06259185242
267.0	1.06259185242
267.5	1.33590521327
268.0	1.33590521327
268.5	1.33590521327
269.0	1.33590521327
269.5	0.965340829234
270.0	0.965340829234
270.5	0.965340829234
271.0	0.965340829234
271.5	0.695637659033
272.0	0.695637659033
272.5	0.695637659033
273	0.844170011806
273.5	0.844170011806
274.0	0.844170011806
274.5	0.844170011806
275	0.69765805169
275.5	0.69765805169
276.0	0.69765805169
276.5	0.69765805169
277.0	0.69765805169
277.5	0.69765805169
278.0	0.69765805169
278.5	0.69765805169
279	0.429680349345
279.5	0.429680349345
280.0	0.429680349345
280.5	0.429680349345
281.0	0.429680349345
281.5	0.429680349345
282.0	0.429680349345
282.5	0.429680349345
283	0.299480116392
283.5	0.299480116392
284.0	0.299480116392
284.5	0.299480116392
285.0	0.299480116392
285.5	0.299480116392
286.0	0.299480116392
286.5	0.299480116392
287.0	0.299480116392
287.5	0.299480116392
288.0	0.322327670377
288.5	0.322327670377
289.0	0.322327670377
289.5	0.322327670377
290.0	0.322327670377
290.5	0.322327670377
291.0	0.322327670377
291.5	0.322327670377
292.0	0.322327670377
292.5	0.322327670377
293	0.306327019377
293.5	0.306327019377
294.0	0.306327019377
294.5	0.306327019377
295.0	0.306327019377
295.5	0.306327019377
296.0	0.306327019377
296.5	0.306327019377
297.0	0.306327019377
297.5	0.306327019377
298.0	0.306327019377
298.5	0.306327019377
299.0	0.306327019377
299.5	0.228052329292
300.0	0.228052329292
300.5	0.228052329292
301.0	0.228052329292
301.5	0.228052329292
302.0	0.228052329292
302.5	0.228052329292
303.0	0.228052329292
303.5	0.228052329292
304	0.316007282658
304.5	0.316007282658
305.0	0.316007282658
305.5	0.316007282658
306.0	0.316007282658
306.5	0.316007282658
307.0	0.316007282658
307.5	0.316007282658
308.0	0.316007282658
308.5	0.316007282658
309	0.292658913089
309.5	0.292658913089
310.0	0.292658913089
310.5	1.14398792453
311	2.13585162287
311.5	2.13585162287
312	1.49023744292
312.5	1.49023744292
313.0	1.49023744292
313.5	1.0275819209
314.0	1.0275819209
314.5	1.0275819209
315	1.12223662396
315.5	1.12223662396
