0.0	0.299654253502
0.5	0.299654253502
1.0	0.299654253502
1.5	0.299654253502
2.0	0.299654253502
2.5	0.299654253502
3	0.406229284904
3.5	0.406229284904
4.0	0.406229284904
4.5	0.406229284904
5.0	0.406229284904
5.5	0.406229284904
6.0	0.406229284904
6.5	0.406229284904
7	0.444893478261
7.5	0.444893478261
8.0	0.444893478261
8.5	0.797870224378
9.0	0.797870224378
9.5	0.797870224378
10.0	0.797870224378
10.5	0.927012543904
11.0	0.927012543904
11.5	0.927012543904
12.0	0.927012543904
12.5	0.685873354232
13.0	0.685873354232
13.5	0.685873354232
14	0.920373374139
14.5	0.920373374139
15	1.28382435791
15.5	1.28382435791
16.0	1.28382435791
16.5	1.28382435791
17.0	1.28382435791
17.5	1.28382435791
18	0.590869365928
18.5	0.590869365928
19.0	0.590869365928
19.5	0.590869365928
20.0	0.590869365928
20.5	0.590869365928
21.0	0.590869365928
21.5	0.590869365928
22.0	0.590869365928
22.5	0.338138100559
23.0	0.338138100559
23.5	1.02345954962
24.0	1.02345954962
24.5	1.02345954962
25	1.11527298646
25.5	1.11527298646
26.0	1.11527298646
26.5	1.13031578947
27.0	1.13031578947
27.5	1.13031578947
28	1.12638938053
28.5	1.12638938053
29.0	1.12638938053
29.5	1.12638938053
30	0.636020512821
30.5	0.636020512821
31.0	0.636020512821
31.5	0.636020512821
32	0.839141242938
32.5	0.839141242938
33.0	0.839141242938
33.5	0.839141242938
34	0.725731277533
34.5	0.725731277533
35.0	0.725731277533
35.5	0.884495378928
36.0	0.884495378928
36.5	0.884495378928
37.0	0.884495378928
37.5	0.884495378928
38	0.484609295904
38.5	0.484609295904
39.0	0.484609295904
39.5	1.14510662824
40	2.21170263789
40.5	1.73658651026
41.0	1.73658651026
41.5	1.43856126482
42.0	1.43856126482
42.5	1.43856126482
43	1.40478040245
43.5	1.40478040245
44.0	1.40478040245
44.5	0.952616621984
45.0	0.952616621984
45.5	1.26409294013
46.0	1.26409294013
46.5	1.5366877193
47.0	1.5366877193
47.5	1.5366877193
48	1.18060130719
48.5	1.18060130719
49.0	1.18060130719
49.5	0.969660098522
50.0	0.969660098522
50.5	0.969660098522
51	1.1053823781
51.5	1.1053823781
52	1.21082634731
52.5	1.21082634731
53	1.62783500557
53.5	1.81183748362
54.0	1.81183748362
54.5	1.91535220838
55.0	1.91535220838
55.5	2.12973643411
56	2.42363120567
56.5	2.42363120567
57	2.1667030303
57.5	2.1667030303
58	1.74805479452
58.5	1.65280179171
59.0	1.65280179171
59.5	1.90595061728
60.0	1.90595061728
60.5	2.17475625823
61	2.42579310345
61.5	2.42579310345
62	2.09594134897
62.5	1.82942819499
63.0	1.82942819499
63.5	1.88553678474
64	2.39082649842
64.5	2.39082649842
65	2.30700500835
65.5	2.32700178253
66.0	2.35827552674
66.5	2.35827552674
67.0	2.35827552674
67.5	1.50577148635
68.0	1.50577148635
68.5	1.45703769401
69	1.73763636364
69.5	1.73763636364
70	1.47243404255
70.5	1.47243404255
71	1.69038231469
71.5	1.69038231469
72.0	1.69038231469
72.5	1.35765180824
73.0	1.35765180824
73.5	1.44963934426
74.0	1.44963934426
74.5	1.8028458498
75.0	1.8028458498
75.5	1.8028458498
76	1.48354077593
76.5	1.48354077593
77	1.66862394196
77.5	1.66862394196
78	1.773125
78.5	1.43034710744
79	1.44070640177
79.5	1.44070640177
80.0	1.44070640177
80.5	1.44070640177
81.0	1.44070640177
81.5	1.44070640177
82	1.11391935484
82.5	1.11391935484
83.0	1.11391935484
83.5	1.11391935484
84.0	1.11391935484
84.5	1.11391935484
85	0.583946737683
85.5	0.583946737683
86.0	0.583946737683
86.5	0.850763866878
87.0	0.850763866878
87.5	0.850763866878
88.0	0.850763866878
88.5	0.850763866878
89.0	0.850763866878
89.5	0.850763866878
90	0.506875541796
90.5	0.506875541796
91.0	0.506875541796
91.5	0.506875541796
92.0	0.506875541796
92.5	0.506875541796
93	0.462293745608
93.5	0.462293745608
94.0	0.462293745608
94.5	0.462293745608
95.0	0.462293745608
95.5	0.462293745608
96.0	0.462293745608
96.5	0.55598435149
97.0	0.55598435149
97.5	0.55598435149
98	0.605405644715
98.5	0.605405644715
99.0	0.605405644715
99.5	0.872952104499
100.0	0.872952104499
100.5	0.872952104499
101.0	0.872952104499
101.5	0.872952104499
102	0.698636609558
102.5	0.698636609558
103.0	0.698636609558
103.5	0.943804758999
104.0	0.943804758999
104.5	0.943804758999
105	1.36567509025
105.5	1.36567509025
106	1.51684548826
106.5	1.51684548826
107	1.52656390244
107.5	2.04238616715
108.0	2.04238616715
108.5	2.39401880878
109	2.46568588469
109.5	2.46568588469
110	2.18102790015
110.5	2.11885530547
111.0	2.11885530547
111.5	2.16848338369
112.0	2.16848338369
112.5	1.2104091954
113.0	1.2104091954
113.5	1.2104091954
114	1.01950481078
114.5	1.7303564728
115	2.10364476021
115.5	2.10364476021
116	1.77756288156
116.5	1.77756288156
117.0	1.77756288156
117.5	1.10735448276
118.0	1.10735448276
118.5	1.10735448276
119	1.05673159851
119.5	1.05673159851
120.0	1.05673159851
120.5	1.05673159851
121	0.820487238979
121.5	0.820487238979
122	0.723296449216
122.5	0.723296449216
123.0	0.723296449216
123.5	0.723296449216
124	0.965946524064
124.5	0.965946524064
125	1.57001794616
125.5	1.57001794616
126	1.32532512821
126.5	1.32532512821
127	1.41239580908
127.5	1.41239580908
128.0	1.41239580908
128.5	1.13631750973
129.0	1.13631750973
129.5	1.13631750973
130	1.18765635739
130.5	1.18765635739
131.0	1.18765635739
131.5	1.26496335079
132.0	1.26496335079
132.5	1.08163779528
133.0	1.08163779528
133.5	1.08163779528
134	0.9791747851
134.5	0.9791747851
135.0	0.9791747851
135.5	1.02731609195
136.0	1.02731609195
136.5	1.02731609195
137.0	1.02731609195
137.5	0.842044391122
138.0	0.842044391122
138.5	1.475952
139.0	1.475952
139.5	1.22282772277
140.0	1.22282772277
140.5	1.22282772277
141	1.29158059468
141.5	1.29158059468
142.0	1.29158059468
142.5	0.996430594901
143.0	0.996430594901
143.5	0.996430594901
144	1.06913388182
144.5	1.06913388182
145	1.12797400487
145.5	1.12797400487
146.0	1.12797400487
146.5	1.10277609562
147.0	1.10277609562
147.5	1.52954994955
148.0	1.52954994955
148.5	1.52954994955
149	1.18414395887
149.5	1.18414395887
150	1.17502070207
150.5	1.17502070207
151.0	1.17502070207
151.5	1.17502070207
152	0.801683746556
152.5	0.801683746556
153.0	0.801683746556
153.5	0.801683746556
154	0.731797542998
154.5	0.731797542998
155.0	0.731797542998
155.5	0.731797542998
156.0	0.731797542998
156.5	0.53337987013
157.0	0.53337987013
157.5	0.53337987013
158	1.25795978062
158.5	1.25795978062
159	1.55865765766
159.5	1.67513402062
160.0	1.67513402062
160.5	1.67513402062
161	1.65733880903
161.5	1.78642424242
162.0	1.78642424242
162.5	1.99179039301
163.0	1.99179039301
163.5	1.99179039301
164	1.79818809981
164.5	1.69319263804
165.0	1.69319263804
165.5	1.9591500664
166	1.92302222222
166.5	1.97172205438
167.0	1.97172205438
167.5	1.97172205438
168.0	1.97172205438
168.5	1.97172205438
169	1.55927751646
169.5	1.55927751646
170.0	1.55927751646
170.5	1.55927751646
171	0.818943043884
171.5	0.818943043884
172.0	0.818943043884
172.5	0.818943043884
173.0	0.818943043884
173.5	0.818943043884
174.0	0.818943043884
174.5	0.818943043884
175	0.295775206612
175.5	0.295775206612
176.0	0.295775206612
176.5	0.295775206612
177.0	0.295775206612
177.5	0.295775206612
178.0	0.295775206612
178.5	0.295775206612
179.0	0.295775206612
179.5	0.295775206612
180.0	0.295775206612
180.5	0.295775206612
181	0.265306757414
181.5	0.265306757414
182.0	0.265306757414
182.5	0.265306757414
183.0	0.265306757414
183.5	0.265306757414
184	0.462131366351
184.5	0.462131366351
185.0	0.462131366351
185.5	1.26630294722
186.0	1.26630294722
186.5	1.27650875146
187.0	1.27650875146
187.5	1.45105910736
188.0	1.45105910736
188.5	1.7255857461
189.0	1.7255857461
189.5	1.90270110701
190	2.77645504587
190.5	2.37815503876
191.0	2.37815503876
191.5	2.31468639053
192	2.70499236641
192.5	3.60232075472
193	4.17589225589
193.5	3.92931216931
194	3.48658201058
194.5	3.21869058296
195	2.65923232323
195.5	2.85864748201
196	3.13700680272
196.5	2.97575879397
197	2.70097217069
197.5	3.2970513347
198	3.56216541353
198.5	3.56216541353
199	2.49915194346
199.5	2.34828954424
200	2.83220905923
200.5	2.56053333333
201.0	2.56053333333
201.5	2.33669439421
202	3.05604030227
202.5	3.01687603306
203	3.01841048035
203.5	2.59395092025
204.0	2.59395092025
204.5	2.21204508857
205	2.99108971554
205.5	2.83734920635
206	2.52916756757
206.5	2.52916756757
207	3.40235812672
207.5	3.40235812672
208	3.01762340037
208.5	2.8831147541
209	2.27979585327
209.5	2.27979585327
210	2.02115866084
210.5	2.20731100478
211.0	2.20731100478
211.5	2.6179343696
212	2.4286397188
212.5	2.01458024691
213.0	2.01458024691
213.5	1.58330359086
214.0	1.58330359086
214.5	1.58330359086
215	1.5893361793
215.5	1.5893361793
216	1.13297241379
216.5	1.13297241379
217.0	1.13297241379
217.5	1.00306705539
218.0	1.00306705539
218.5	1.00306705539
219.0	1.00306705539
219.5	0.687574764034
220.0	0.687574764034
220.5	0.687574764034
221	0.902711111111
221.5	0.902711111111
222.0	0.902711111111
222.5	0.902711111111
223.0	0.902711111111
223.5	0.902711111111
224.0	0.902711111111
224.5	0.454589693044
225.0	0.454589693044
225.5	0.454589693044
226.0	0.454589693044
226.5	0.941349301397
227.0	0.941349301397
227.5	1.2768242142
228	0.79880910683
228.5	0.79880910683
229.0	0.79880910683
229.5	0.79880910683
230	1.06947031963
230.5	1.06947031963
231	1.12833360589
231.5	1.12833360589
232.0	1.12833360589
232.5	1.12833360589
233	0.892462189958
233.5	0.892462189958
234	0.564337129841
234.5	0.574036484245
235.0	0.574036484245
235.5	0.969747399703
236.0	0.969747399703
236.5	0.969747399703
237.0	0.969747399703
237.5	0.969747399703
238.0	0.969747399703
238.5	0.969747399703
239	0.98779022646
239.5	0.98779022646
240.0	0.98779022646
240.5	1.12231349968
241.0	1.12231349968
241.5	1.56055813953
242.0	1.56055813953
242.5	1.77378981582
243	1.70425906736
243.5	1.70425906736
244	1.98233476395
244.5	1.98233476395
245	1.9926557377
245.5	1.97201311475
246.0	1.97201311475
246.5	2.22002292264
247.0	2.22002292264
247.5	1.26483728536
248.0	1.26483728536
248.5	1.63409071274
249.0	1.63409071274
249.5	2.04181031614
250	2.51969082126
250.5	2.67942533081
251.0	2.67942533081
251.5	2.88185660377
252	2.44623274162
252.5	2.18102790015
253.0	2.18102790015
253.5	1.71159480519
254.0	1.71159480519
254.5	1.44857315843
255.0	1.44857315843
255.5	1.0833909465
256.0	1.0833909465
256.5	1.81646628571
257	2.34081218274
257.5	2.34081218274
258	1.91953322528
258.5	1.91953322528
259	1.44283845391
259.5	1.44283845391
260.0	1.44283845391
260.5	1.44283845391
261	0.918046883934
261.5	0.918046883934
262.0	0.918046883934
262.5	0.777944170772
263.0	0.777944170772
263.5	0.777944170772
264.0	0.777944170772
264.5	0.824793002915
265.0	0.824793002915
265.5	0.824793002915
266	0.583941333333
266.5	0.583941333333
267.0	0.583941333333
267.5	0.583941333333
268.0	0.583941333333
268.5	0.583941333333
269	0.60188374676
269.5	0.60188374676
270.0	0.60188374676
270.5	0.60188374676
271.0	0.60188374676
271.5	0.60188374676
272	0.50391296
272.5	0.50391296
273.0	0.50391296
273.5	0.50391296
274.0	0.50391296
274.5	0.50391296
275.0	0.50391296
275.5	0.50391296
276.0	0.50391296
276.5	0.50391296
277	0.260627672449
277.5	0.260627672449
278.0	0.260627672449
278.5	0.260627672449
279.0	0.260627672449
279.5	0.260627672449
280	0.486661853189
280.5	0.486661853189
281.0	0.486661853189
281.5	0.486661853189
282.0	0.486661853189
282.5	0.486661853189
283	0.508592128178
283.5	0.508592128178
284.0	0.508592128178
284.5	0.508592128178
285.0	0.508592128178
285.5	0.508592128178
286	0.458214119987
286.5	0.458214119987
287.0	0.458214119987
287.5	0.458214119987
288.0	0.458214119987
288.5	0.7088248114
289.0	0.7088248114
289.5	1.22431372549
290.0	1.22431372549
290.5	1.22431372549
291.0	1.22431372549
291.5	0.729028266667
292.0	0.729028266667
292.5	0.729028266667
293.0	0.729028266667
293.5	0.729028266667
294.0	0.729028266667
294.5	0.729028266667
295	0.427766676638
295.5	0.427766676638
296.0	0.427766676638
296.5	0.427766676638
297.0	0.427766676638
297.5	0.427766676638
298.0	0.427766676638
298.5	0.427766676638
