0.0	2.06455019223
0.5	2.06455019223
1	2.23177608142
1.5	2.45689702517
2.0	2.45689702517
2.5	2.19171084337
3.0	2.19171084337
3.5	1.80478463649
4.0	1.80478463649
4.5	1.81130980392
5.0	1.81130980392
5.5	1.70665834633
6	2.12531448763
6.5	2.12531448763
7	2.03089908257
7.5	2.03089908257
8	2.06528170895
8.5	1.9857847769
9.0	1.9857847769
9.5	1.98886223663
10	4.1068976378
10.5	4.37645845272
11	4.3980141844
11.5	4.52829268293
12	4.93311340206
12.5	4.57850434783
13	4.26114745308
13.5	3.77182165605
14	3.67632323232
14.5	3.64923636364
15	3.6257755102
15.5	3.82302702703
16	4.252
16.5	4.2668976378
17	3.74935238095
17.5	3.69197714286
18	4.26949707602
18.5	4.29326708075
19	4.42737172775
19.5	4.46
20	3.55046233766
20.5	3.19201785714
21	4.61739473684
21.5	5.96645410628
22	5.04782874618
22.5	4.28951219512
23	4.27241846154
23.5	4.25841230769
24	4.29400566572
24.5	4.35929337539
25	4.38069798658
25.5	5.1175532646
26	5.01621374046
26.5	4.42510610932
27	4.46702405498
27.5	4.57294050992
28	4.54935048232
28.5	4.00105263158
29	4.00365811966
29.5	4.16903927492
30	4.02835772358
30.5	3.93156626506
31.0	3.93156626506
31.5	3.93156626506
32	3.9277535545
32.5	3.79691774892
33	3.76724210526
33.5	3.75506422018
34	3.8135884058
34.5	3.63688188976
35	3.34546788991
35.5	3.32300552486
36	3.4511714922
36.5	3.39977142857
37	2.90993846154
37.5	2.9427529976
38	3.04421789883
38.5	3.00937579618
39.0	3.00937579618
39.5	3.00666141732
40	3.10837092732
40.5	3.17367521368
41	3.28660349127
41.5	3.49852491694
42.0	3.49852491694
42.5	3.68912
43	4.12666202091
43.5	4.17141547278
44	3.53670484581
44.5	3.3363943662
45	3.28194895592
45.5	3.31784848485
46	2.95043194192
46.5	3.35762899787
47	3.62975280899
47.5	3.67650909091
48	3.28866666667
48.5	3.01183442266
49.0	3.01183442266
49.5	2.15446624204
50	2.05333333333
50.5	2.05333333333
51	2.19763344051
51.5	3.30259584296
52	3.33417577197
52.5	4.11128690808
53	4.14448322148
53.5	3.51948827292
54	3.36593301435
54.5	3.51211793612
55	3.54218367347
55.5	3.68080851064
56	3.72428501229
56.5	3.58004145078
57	3.45356613757
57.5	4.3929439528
58	4.39547826087
58.5	4.09585714286
59	4.07084705882
59.5	4.02447058824
60	3.94681662592
60.5	3.40927228916
61.0	3.40927228916
61.5	1.01273499538
62	1.3032
62.5	1.3032
63.0	1.3032
63.5	1.40986606471
64	2.39159792028
64.5	2.39159792028
65	2.38215384615
65.5	2.46279245283
66.0	2.46279245283
66.5	2.46279245283
67.0	2.46279245283
67.5	2.78573445378
68	2.2176687737
68.5	2.28926226013
69.0	2.28926226013
69.5	2.8773427065
70	3.36493094629
70.5	3.7323959596
71	4.19138675958
71.5	4.22227792916
72	3.91619240506
72.5	3.93030649351
73	3.84679623824
73.5	3.87308910891
74	3.3588056872
74.5	2.97735672515
75	3.70220895522
75.5	4.04708446866
76	4.00586018237
76.5	3.828096
77.0	4.22714893617
77.5	4.35037735849
78	4.30673454545
78.5	4.15949714286
79	4.15975129534
79.5	4.29945288754
80	4.3361980198
80.5	4.10527272727
81	4.07960621762
81.5	4.1980899654
82	4.18386246418
82.5	4.41671565495
83	4.42737172775
83.5	4.38875399361
84	4.35327388535
84.5	3.55364050633
85.0	3.58240776699
85.5	4.57428148148
86	4.5724099723
86.5	4.31582822086
87	4.19188269795
87.5	4.08392941176
88	3.04842290749
88.5	2.81744237918
89	2.34617317487
89.5	2.34617317487
90	2.52504448743
90.5	2.5482591944
91	2.40582875606
91.5	2.89481938326
92	3.38134643735
92.5	3.26435849057
93	3.20173399015
93.5	3.20173399015
94	2.6681785124
94.5	2.33473267327
95.0	3.45545454545
95.5	3.45545454545
96	2.64648587571
96.5	2.76543486974
97.0	3.35281818182
97.5	3.32830769231
98	3.79441860465
98.5	3.79441860465
99	4.56614876033
99.5	4.56816666667
100	3.89008695652
100.5	3.78108083141
101	2.80530490405
101.5	2.80530490405
102	2.32980580076
102.5	3.56341368078
103	3.52764809384
103.5	3.41316299559
104	3.41478145695
104.5	2.70691949911
105	2.82748387097
105.5	3.42391247265
106	3.54354
106.5	3.9775625
107	3.97512820513
107.5	3.46219114219
108	3.47738258575
108.5	3.50986797066
109	3.53374496644
109.5	3.30438253638
110	3.20236111111
110.5	2.93883870968
111	2.45088215488
111.5	2.45088215488
112	1.65361894954
112.5	1.65361894954
113	2.01317847025
113.5	2.01317847025
114	1.21106164384
114.5	1.21106164384
115	1.07210771114
115.5	1.07210771114
116	1.82047928331
116.5	1.82047928331
117	2.28884883721
117.5	2.48021497121
118	2.45100606061
118.5	2.44994630872
119.0	2.44994630872
119.5	2.51809107468
120	2.27319354839
120.5	2.27319354839
121	2.07191553544
121.5	2.07191553544
122	1.75247179487
122.5	1.75247179487
123	1.11983085356
123.5	1.11983085356
124.0	1.11983085356
124.5	1.23782010582
125.0	1.23782010582
125.5	1.89711053985
126	2.2015258467
126.5	2.46732436472
127.0	2.46732436472
127.5	2.64466165414
128	2.68690225564
128.5	2.71729158513
129	2.8477037037
129.5	3.08086178862
130	3.78601643836
130.5	4.45545392491
131	4.43614634146
131.5	3.25866083151
132	3.24505679012
132.5	3.47527272727
133	3.46022
133.5	2.91458295964
134	2.9403424408
134.5	3.54598496241
135	3.5842875817
135.5	2.74771084337
136	2.58443034483
136.5	2.58443034483
137	1.6706440678
137.5	1.6706440678
138	1.43366375121
138.5	1.62989473684
139	1.6483047619
139.5	1.66066157761
140.0	1.66066157761
140.5	1.66066157761
141.0	1.66066157761
141.5	1.66066157761
142	1.35973092699
142.5	1.35973092699
143.0	1.35973092699
143.5	1.21396262976
144	1.50162797203
144.5	1.50162797203
145.0	1.50162797203
145.5	1.50162797203
146	0.945270207852
146.5	0.945270207852
147.0	0.945270207852
147.5	0.945270207852
148.0	0.945270207852
148.5	0.945270207852
149	0.481407976583
149.5	0.481407976583
150.0	0.481407976583
150.5	0.481407976583
151.0	0.481407976583
