0.0	1.1874968059
0.5	1.1874968059
1.0	1.1874968059
1.5	1.1874968059
2.0	1.1874968059
2.5	0.868834076275
3.0	0.868834076275
3.5	0.868834076275
4.0	0.868834076275
4.5	0.799451973194
5.0	0.799451973194
5.5	0.799451973194
6	0.931290102389
6.5	0.931290102389
7	1.40265245203
7.5	1.40265245203
8.0	1.40265245203
8.5	1.40265245203
9	1.17527735369
9.5	1.17527735369
10	1.05391907514
10.5	1.05391907514
11	1.23885478888
11.5	1.23885478888
12.0	1.23885478888
12.5	1.02349801849
13.0	1.02349801849
13.5	1.02349801849
14	1.03471304348
14.5	1.03471304348
15.0	1.03471304348
15.5	1.03471304348
16	0.837392363033
16.5	0.837392363033
17.0	0.837392363033
17.5	0.977012738854
18.0	0.977012738854
18.5	0.977012738854
19	0.956435207824
19.5	0.956435207824
20.0	0.956435207824
20.5	0.990507337526
21.0	0.990507337526
21.5	0.990507337526
22	1.09647092606
22.5	1.09647092606
23.0	1.09647092606
23.5	0.898724637681
24.0	0.898724637681
24.5	0.898724637681
25.0	0.898724637681
25.5	1.01940974605
26.0	1.01940974605
26.5	1.00759021407
27.0	1.00759021407
27.5	1.00759021407
28.0	1.00759021407
28.5	0.941952755906
29.0	0.941952755906
29.5	1.028375
30.0	1.028375
30.5	1.028375
31.0	1.028375
31.5	0.881535219079
32.0	0.881535219079
32.5	1.03977452086
33.0	1.03977452086
33.5	1.03977452086
34	0.795400940228
34.5	0.795400940228
35.0	0.795400940228
35.5	0.983000675219
36.0	0.983000675219
36.5	0.983000675219
37.0	0.983000675219
37.5	0.983000675219
38	0.707652710445
38.5	0.707652710445
39.0	0.707652710445
39.5	0.707652710445
40	0.783087603306
40.5	0.783087603306
41.0	0.783087603306
41.5	0.783087603306
42.0	0.783087603306
42.5	0.57995899959
43.0	0.57995899959
43.5	0.77928113879
44.0	0.77928113879
44.5	0.77928113879
45	1.16037687366
45.5	1.16037687366
46.0	1.16037687366
46.5	1.16037687366
47	0.921971896956
47.5	0.921971896956
48	1.07146932007
48.5	1.07146932007
49	1.23927272727
49.5	1.23927272727
50.0	1.23927272727
50.5	1.23927272727
51	0.778756266667
51.5	0.778756266667
52.0	0.778756266667
52.5	0.778756266667
53	0.768017777778
53.5	0.768017777778
54.0	0.768017777778
54.5	0.768017777778
55.0	0.768017777778
55.5	0.752672897196
56.0	0.752672897196
56.5	0.752672897196
57.0	0.752672897196
57.5	0.717701149425
58.0	0.717701149425
58.5	0.717701149425
59.0	0.717701149425
59.5	0.765785994398
60.0	0.765785994398
60.5	0.765785994398
61.0	0.765785994398
61.5	0.685862829736
62.0	0.685862829736
62.5	0.685862829736
63	1.00191862955
63.5	1.00191862955
64.0	1.00191862955
64.5	1.06183597122
65.0	1.06183597122
65.5	1.11871014493
66.0	1.11871014493
66.5	1.11871014493
67	1.18665708124
67.5	1.18665708124
68.0	1.18665708124
68.5	1.24509734513
69.0	1.24509734513
69.5	1.31020348304
70.0	1.31020348304
70.5	1.31020348304
71	1.1949535284
71.5	1.1949535284
72	1.09579097387
72.5	1.09579097387
73.0	1.09579097387
73.5	1.0332542604
74.0	1.0332542604
74.5	1.0332542604
75	1.12349268293
75.5	1.12349268293
76	1.29895323383
76.5	1.29895323383
77.0	1.29895323383
77.5	1.05668554829
78.0	1.05668554829
78.5	1.05668554829
79	1.08227325581
79.5	1.08227325581
80.0	1.08227325581
80.5	0.96493979442
81.0	0.96493979442
81.5	1.37209172483
82.0	1.37209172483
82.5	1.37209172483
83	1.24692612613
83.5	1.24692612613
84	1.08145091514
84.5	1.08145091514
85.0	1.08145091514
85.5	1.26707064364
86.0	1.26707064364
86.5	1.26438605898
87.0	1.26438605898
87.5	1.26438605898
88	0.913993333333
88.5	1.18165803109
89.0	1.18165803109
89.5	1.18165803109
90.0	1.18165803109
90.5	1.05620744081
91.0	1.05620744081
91.5	1.05620744081
92	1.04541818182
92.5	1.04541818182
93.0	1.04541818182
93.5	1.02376127689
94.0	1.02376127689
94.5	0.910905263158
95.0	0.910905263158
95.5	0.981413533835
96.0	0.981413533835
96.5	0.981413533835
97.0	0.981413533835
97.5	0.981413533835
98.0	0.981413533835
98.5	1.06182703395
99.0	1.06182703395
99.5	1.06182703395
100.0	1.06182703395
100.5	1.12159590793
101.0	1.12159590793
101.5	0.968137060415
102.0	0.968137060415
102.5	0.968137060415
103.0	0.968137060415
103.5	0.775927962085
104.0	0.775927962085
104.5	0.775927962085
105.0	0.775927962085
105.5	0.775927962085
106	0.613946803546
106.5	0.613946803546
107.0	0.613946803546
107.5	0.613946803546
108.0	0.613946803546
108.5	0.613946803546
109.0	0.613946803546
109.5	0.613946803546
110.0	0.613946803546
110.5	0.400419592544
111.0	0.400419592544
111.5	0.400419592544
112.0	0.400419592544
112.5	0.727856287425
113.0	0.727856287425
113.5	0.727856287425
114	0.700598718695
114.5	0.700598718695
115.0	0.700598718695
115.5	0.700598718695
116.0	0.700598718695
116.5	0.700598718695
117	0.561847715736
117.5	0.561847715736
118.0	0.561847715736
118.5	0.561847715736
119.0	0.561847715736
119.5	0.589518292683
120.0	0.589518292683
120.5	0.589518292683
121.0	0.589518292683
121.5	0.589518292683
122	0.70216612529
122.5	0.70216612529
123.0	0.70216612529
123.5	0.784608695652
124.0	0.784608695652
124.5	0.784608695652
125.0	0.784608695652
125.5	0.827898412698
126.0	0.827898412698
126.5	0.827898412698
127.0	0.827898412698
127.5	0.787453333333
128.0	0.787453333333
128.5	0.787453333333
129.0	0.787453333333
129.5	0.787453333333
130	0.709750929368
130.5	0.709750929368
131	0.934619442351
131.5	0.934619442351
132.0	0.934619442351
132.5	0.934619442351
133	0.961346278317
133.5	0.961346278317
134	1.01849149923
134.5	1.01849149923
135.0	1.01849149923
135.5	1.22590606319
136.0	1.22590606319
136.5	0.953855072464
137.0	0.953855072464
137.5	0.953855072464
138	1.13205698006
138.5	1.13205698006
139	1.17637755102
139.5	1.17637755102
140.0	1.17637755102
140.5	0.877948109711
141.0	0.877948109711
141.5	0.877948109711
142	0.918500946372
142.5	0.918500946372
143.0	0.918500946372
143.5	0.918500946372
144.0	0.816716174975
144.5	0.816716174975
145.0	0.816716174975
145.5	0.816716174975
146	0.849554094441
146.5	0.849554094441
147.0	0.849554094441
147.5	0.88187032419
148.0	0.88187032419
148.5	0.990850678733
149.0	0.990850678733
149.5	0.990850678733
150.0	0.990850678733
150.5	0.990850678733
151	0.836259259259
151.5	0.836259259259
152.0	0.836259259259
152.5	0.836259259259
153	0.685558554636
153.5	0.685558554636
154.0	0.685558554636
154.5	0.685558554636
155.0	0.685558554636
155.5	0.685558554636
156	0.512571201904
156.5	0.512571201904
157.0	0.512571201904
157.5	0.512571201904
158	0.640574445618
158.5	0.640574445618
159.0	0.640574445618
159.5	0.640574445618
160	0.726090502238
160.5	0.726090502238
161.0	0.726090502238
161.5	0.726090502238
162.0	0.726090502238
162.5	0.726090502238
163.0	0.726090502238
163.5	0.726090502238
164	0.340500492611
164.5	0.340500492611
165.0	0.340500492611
165.5	0.340500492611
166.0	0.340500492611
166.5	0.340500492611
167.0	0.340500492611
167.5	0.513591254176
168.0	0.513591254176
168.5	0.513591254176
169.0	0.513591254176
169.5	0.513591254176
170.0	0.513591254176
170.5	0.513591254176
171	0.40485705865
171.5	0.40485705865
172.0	0.40485705865
172.5	0.839120933088
173.0	0.839120933088
173.5	0.839120933088
174.0	0.839120933088
174.5	0.793576026637
175.0	0.793576026637
175.5	0.793576026637
176.0	0.793576026637
176.5	0.839526315789
177.0	0.839526315789
177.5	0.839526315789
178.0	0.839526315789
178.5	0.768324830817
179.0	0.768324830817
179.5	0.768324830817
180.0	0.768324830817
180.5	0.608701823558
181.0	0.608701823558
181.5	0.608701823558
182.0	0.608701823558
182.5	0.608701823558
183.0	0.608701823558
183.5	0.608701823558
184	0.469866211215
184.5	0.469866211215
185.0	0.469866211215
185.5	0.469866211215
186.0	0.469866211215
186.5	0.469866211215
187.0	0.469866211215
187.5	0.469866211215
188	0.355742098609
188.5	0.355742098609
189.0	0.355742098609
189.5	0.355742098609
190.0	0.355742098609
190.5	0.355742098609
191.0	0.355742098609
191.5	0.355742098609
192	0.385603452927
192.5	0.385603452927
193.0	0.385603452927
193.5	0.385603452927
194.0	0.385603452927
194.5	0.385603452927
195.0	0.385603452927
195.5	0.410687962141
196.0	0.410687962141
196.5	0.410687962141
197.0	0.410687962141
197.5	0.410687962141
198.0	0.410687962141
198.5	0.410687962141
199.0	0.410687962141
199.5	0.382210439105
200.0	0.382210439105
200.5	0.382210439105
201.0	0.382210439105
201.5	0.382210439105
202.0	0.382210439105
202.5	0.382210439105
203	0.448456804734
203.5	0.448456804734
204.0	0.448456804734
204.5	0.448456804734
205.0	0.448456804734
205.5	0.512953229399
206.0	0.512953229399
206.5	0.512953229399
207.0	0.512953229399
207.5	0.512953229399
208.0	0.512953229399
208.5	0.512953229399
209.0	0.512953229399
209.5	0.512953229399
210	0.303380897049
210.5	0.303380897049
211.0	0.303380897049
211.5	0.303380897049
212.0	0.303380897049
212.5	0.303380897049
213.0	0.303380897049
213.5	0.303380897049
214.0	0.303380897049
214.5	0.341482281155
215.0	0.341482281155
215.5	0.341482281155
216.0	0.341482281155
216.5	0.341482281155
217.0	0.341482281155
217.5	0.457795265908
218.0	0.457795265908
218.5	0.457795265908
219.0	0.457795265908
219.5	0.457795265908
220.0	0.457795265908
220.5	0.457795265908
221	0.439400869274
221.5	0.439400869274
222.0	0.439400869274
222.5	0.439400869274
223.0	0.439400869274
223.5	0.57270411985
224.0	0.57270411985
224.5	0.57270411985
225.0	0.57270411985
225.5	0.600993486756
226.0	0.600993486756
226.5	0.600993486756
227.0	0.600993486756
227.5	0.600993486756
228.0	0.600993486756
228.5	0.600993486756
229	0.391773357444
229.5	0.391773357444
230.0	0.391773357444
230.5	0.391773357444
231.0	0.391773357444
231.5	0.391773357444
232.0	0.391773357444
232.5	0.391773357444
233.0	0.391773357444
233.5	0.396231713304
234.0	0.396231713304
234.5	0.396231713304
235.0	0.396231713304
235.5	0.396231713304
236.0	0.396231713304
236.5	0.396231713304
237.0	0.396231713304
237.5	0.396231713304
238	0.31952303523
238.5	0.31952303523
239.0	0.31952303523
239.5	0.759025605536
240	1.06074418605
240.5	1.06074418605
241.0	1.06074418605
241.5	1.06074418605
242	1.00359507231
242.5	1.00359507231
243.0	1.00359507231
243.5	1.00359507231
244	0.759885462555
244.5	0.759885462555
245.0	0.759885462555
245.5	0.759885462555
246	0.696196319018
246.5	0.931368421053
247	0.869708542714
247.5	0.869708542714
248	0.680542231491
248.5	0.680542231491
249.0	0.680542231491
249.5	0.680542231491
250.0	0.680542231491
250.5	0.680542231491
251.0	0.680542231491
251.5	0.680542231491
252.0	0.680542231491
252.5	0.680542231491
253.0	0.680542231491
253.5	0.680542231491
254.0	0.680542231491
254.5	0.382179386673
255.0	0.382179386673
255.5	0.382179386673
256.0	0.382179386673
256.5	0.382179386673
257.0	0.382179386673
257.5	0.382179386673
258.0	0.382179386673
258.5	0.467033013845
259.0	0.467033013845
259.5	0.467033013845
260.0	0.467033013845
260.5	0.542802831143
261.0	0.542802831143
261.5	0.542802831143
262.0	0.542802831143
262.5	0.542802831143
263.0	0.542802831143
263.5	0.542802831143
264	0.506248608534
264.5	0.506248608534
265.0	0.506248608534
265.5	0.506248608534
266	0.726498067366
266.5	0.726498067366
267.0	0.726498067366
267.5	0.726498067366
268.0	0.726498067366
268.5	0.726498067366
269.0	0.726498067366
269.5	0.726498067366
270	0.481129166667
270.5	0.481129166667
271.0	0.481129166667
271.5	0.481129166667
272	0.54372166998
272.5	0.54372166998
273.0	0.54372166998
273.5	0.54372166998
274.0	0.54372166998
274.5	0.54372166998
275.0	0.54372166998
275.5	0.54372166998
276.0	0.54372166998
276.5	0.279296029719
277.0	0.279296029719
277.5	0.279296029719
278.0	0.279296029719
278.5	0.279296029719
279.0	0.279296029719
279.5	0.279296029719
280.0	0.279296029719
280.5	0.279296029719
281.0	0.279296029719
281.5	0.279296029719
282.0	0.279296029719
282.5	0.279296029719
283	0.24013265148
283.5	0.24013265148
284.0	0.24013265148
284.5	0.24013265148
285.0	0.24013265148
285.5	0.24013265148
286.0	0.24013265148
286.5	0.24013265148
287.0	0.24013265148
287.5	0.24013265148
288	0.307045653037
288.5	0.307045653037
289.0	0.307045653037
289.5	0.307045653037
290.0	0.307045653037
290.5	0.74724345679
291.0	0.74724345679
291.5	0.74724345679
292	0.921267267267
292.5	0.921267267267
293.0	0.921267267267
293.5	1.02136292428
294.0	1.02136292428
294.5	1.02136292428
295	1.08282352941
295.5	1.08282352941
296.0	1.08282352941
296.5	0.975340996169
297.0	0.975340996169
297.5	0.975340996169
298	0.981979414093
298.5	0.981979414093
299.0	0.981979414093
299.5	0.948454661558
300.0	0.948454661558
300.5	0.948454661558
301	0.94475125448
301.5	0.94475125448
302.0	0.94475125448
302.5	0.94475125448
303	0.83412899477
303.5	0.83412899477
304	0.935218472469
304.5	0.935218472469
305	1.57056126482
305.5	2.41434554974
306.0	2.41434554974
306.5	2.41434554974
307	0.889153153153
307.5	0.889153153153
308.0	0.889153153153
308.5	1.27703859649
309.0	1.27703859649
309.5	1.23228242517
310.0	1.23228242517
310.5	1.23228242517
311	1.07430385488
311.5	1.07430385488
312.0	1.07430385488
312.5	1.15659852821
313	1.3664773791
313.5	1.3664773791
314.0	1.3664773791
314.5	1.44634163701
315.0	1.44634163701
315.5	1.44634163701
