0.0	0.876993649066
0.5	0.876993649066
1.0	0.876993649066
1.5	0.876993649066
2.0	0.876993649066
2.5	0.876993649066
3.0	0.876993649066
3.5	0.666987072243
4.0	0.666987072243
4.5	0.666987072243
5.0	0.666987072243
5.5	0.666987072243
6	0.556590979782
6.5	0.556590979782
7.0	0.556590979782
7.5	0.556590979782
8.0	0.556590979782
8.5	0.556590979782
9.0	0.556590979782
9.5	0.556590979782
10	0.444169289202
10.5	0.444169289202
11.0	0.444169289202
11.5	1.02788125
12.0	1.02788125
12.5	1.02788125
13.0	1.02788125
13.5	1.02788125
14.0	1.02788125
14.5	1.02788125
15	0.567425061425
15.5	0.567425061425
16.0	0.567425061425
16.5	0.766620882971
17.0	0.766620882971
17.5	0.9397875
18.0	0.9397875
18.5	0.9397875
19.0	0.9397875
19.5	0.9397875
20	0.802473329881
20.5	0.802473329881
21.0	0.802473329881
21.5	0.802473329881
22.0	0.802473329881
22.5	0.802473329881
23	0.459975022302
23.5	0.459975022302
24.0	0.459975022302
24.5	0.459975022302
25.0	0.459975022302
25.5	0.459975022302
26	0.556311764706
26.5	0.556311764706
27.0	0.556311764706
27.5	0.556311764706
28.0	0.556311764706
28.5	0.556311764706
29.0	0.556311764706
29.5	0.365434187016
30.0	0.365434187016
30.5	0.365434187016
31.0	0.365434187016
31.5	0.365434187016
32.0	0.365434187016
32.5	0.365434187016
33	0.44052027027
33.5	0.44052027027
34.0	0.44052027027
34.5	0.44052027027
35.0	0.44052027027
35.5	0.44052027027
36	0.529281553398
36.5	0.529281553398
37.0	0.529281553398
37.5	0.529281553398
38	0.745065365854
38.5	0.745065365854
39.0	0.745065365854
39.5	1.01492635025
40.0	1.01492635025
40.5	1.01492635025
41.0	1.01492635025
41.5	0.680073260073
42.0	0.680073260073
42.5	0.680073260073
43.0	0.680073260073
43.5	0.680073260073
44	0.658305694306
44.5	0.658305694306
45.0	0.658305694306
45.5	0.658305694306
46.0	0.658305694306
46.5	0.658305694306
47	0.452850473186
47.5	0.452850473186
48	1.04262970297
48.5	1.04262970297
49.0	1.04262970297
49.5	1.14099641062
50.0	1.14099641062
50.5	1.05403428571
51.0	1.05403428571
51.5	1.41668899522
52.0	1.41668899522
52.5	1.41668899522
53	1.25393970715
53.5	1.25393970715
54	1.44915523466
54.5	1.44915523466
55	1.28392411924
55.5	1.28392411924
56.0	1.28392411924
56.5	1.28392411924
57	0.81341000575
57.5	0.81341000575
58.0	0.81341000575
58.5	0.756400690846
59.0	0.756400690846
59.5	0.756400690846
60.0	0.756400690846
60.5	0.862891719745
61.0	0.862891719745
61.5	0.862891719745
62.0	0.845264626946
62.5	0.845264626946
63.0	0.845264626946
63.5	1.18876908924
64.0	1.18876908924
64.5	1.18713111546
65.0	1.18713111546
65.5	1.18713111546
66	0.987267072346
66.5	0.987267072346
67.0	0.987267072346
67.5	1.00540509091
68.0	1.00540509091
68.5	1.00540509091
69.0	1.00540509091
69.5	1.05902066374
70.0	1.05902066374
70.5	1.23089605735
71.0	1.23089605735
71.5	1.32070338164
72.0	1.32070338164
72.5	1.32070338164
73	1.37502307692
73.5	1.37502307692
74	1.15340016434
74.5	1.15340016434
75.0	1.15340016434
75.5	0.988581379772
76.0	0.988581379772
76.5	0.988581379772
77	1.05290366581
77.5	1.05290366581
78.0	1.05290366581
78.5	1.15268156425
79.0	1.15268156425
79.5	1.22344347826
80.0	1.22344347826
80.5	1.22344347826
81	1.30422627737
81.5	1.30422627737
82.0	1.30422627737
82.5	1.054317388
83.0	1.054317388
83.5	1.054317388
84	1.02063716814
84.5	1.02063716814
85.0	1.02063716814
85.5	0.898508595139
86.0	0.898508595139
86.5	0.898508595139
87.0	0.898508595139
87.5	0.768573971079
88.0	0.768573971079
88.5	1.14412620508
89.0	1.14412620508
89.5	1.14412620508
90.0	1.14412620508
90.5	0.95350982962
91.0	0.95350982962
91.5	1.40491320755
92.0	1.40491320755
92.5	1.40491320755
93.0	1.40491320755
93.5	0.745038548753
94.0	0.745038548753
94.5	0.745038548753
95	0.977420454545
95.5	0.977420454545
96	1.12436068237
96.5	1.12436068237
97.0	1.12436068237
97.5	1.09052348993
98.0	1.09052348993
98.5	1.09052348993
99	0.950116539141
99.5	0.950116539141
100.0	0.950116539141
100.5	1.09763227308
101.0	1.09763227308
101.5	1.07951968504
102	1.1374563591
102.5	1.1374563591
103.0	1.1374563591
103.5	1.1374563591
104	1.03577224986
104.5	1.03577224986
105.0	1.03577224986
105.5	1.09173417722
106.0	1.09173417722
106.5	1.5447539267
107	1.38018941504
107.5	1.28201481481
108	1.44389380531
108.5	1.44389380531
109.0	1.44389380531
109.5	1.44389380531
110.0	1.44389380531
110.5	1.25284353741
111.0	1.25284353741
111.5	1.25284353741
112	1.37366953798
112.5	1.37366953798
113	0.929579220779
113.5	0.929579220779
114.0	0.929579220779
114.5	1.10997152542
115.0	1.10997152542
115.5	1.10997152542
116	1.16124271845
116.5	1.16124271845
117.0	1.16124271845
117.5	1.01624642464
118.0	1.01624642464
118.5	1.01624642464
119	0.992711433757
119.5	0.992711433757
120	1.01341870261
120.5	1.01341870261
121.0	1.01341870261
121.5	1.4361223355
122.0	1.4361223355
122.5	1.4361223355
123	1.13408797654
123.5	1.13408797654
124.0	1.13408797654
124.5	0.952276903713
125.0	0.952276903713
125.5	0.952276903713
126	0.943944615385
126.5	0.943944615385
127.0	0.943944615385
127.5	1.03418902842
128.0	1.03418902842
128.5	1.03418902842
129	1.21250299401
129.5	1.21250299401
130.0	1.21250299401
130.5	0.879322970639
131.0	0.879322970639
131.5	0.879322970639
132	0.86912403644
132.5	0.86912403644
133.0	0.86912403644
133.5	0.86912403644
134	0.832089635854
134.5	0.832089635854
135.0	0.832089635854
135.5	1.02882747853
136.0	1.02882747853
136.5	1.02882747853
137	0.957024
137.5	0.957024
138	1.03749359606
138.5	1.03749359606
139.0	1.03749359606
139.5	1.03749359606
140	0.874742982939
140.5	0.874742982939
141.0	0.874742982939
141.5	0.704030534351
142.0	0.704030534351
142.5	0.704030534351
143	0.75436433121
143.5	0.75436433121
144.0	0.75436433121
144.5	0.75436433121
145.0	0.75436433121
145.5	0.70636778263
146.0	0.70636778263
146.5	0.70636778263
147.0	0.70636778263
147.5	0.70636778263
148.0	0.70636778263
148.5	0.70636778263
149	0.473228411435
149.5	0.473228411435
150.0	0.473228411435
150.5	0.473228411435
151.0	0.473228411435
151.5	0.473228411435
152.0	0.473228411435
152.5	0.473228411435
153.0	0.473228411435
153.5	0.316196662959
154.0	0.316196662959
154.5	0.316196662959
155.0	0.316196662959
155.5	0.636311291048
156.0	0.636311291048
156.5	0.922984193888
157.0	0.922984193888
157.5	0.922984193888
158.0	0.922984193888
158.5	0.922984193888
159.0	0.922984193888
159.5	0.922984193888
160	0.478424955856
160.5	0.478424955856
161.0	0.478424955856
161.5	0.478424955856
162.0	0.478424955856
162.5	0.478424955856
163	0.556244436595
163.5	0.556244436595
164.0	0.556244436595
164.5	0.556244436595
165.0	0.556244436595
165.5	0.608090352941
166.0	0.608090352941
166.5	0.608090352941
167.0	0.608090352941
167.5	0.608090352941
168	0.463957170172
168.5	0.463957170172
169.0	0.463957170172
169.5	0.463957170172
170.0	0.463957170172
170.5	0.586648453194
171.0	0.586648453194
171.5	0.586648453194
172	1.04571255673
172.5	1.04571255673
173.0	1.04571255673
173.5	1.04571255673
174	1.00729958309
174.5	1.00729958309
175	1.26257352941
175.5	1.26257352941
176	1.39910747185
176.5	1.39910747185
177.0	1.39910747185
177.5	1.09917294389
178.0	1.09917294389
178.5	1.09917294389
179	1.02235105608
179.5	1.02235105608
180.0	1.02235105608
180.5	1.0109260274
181.0	1.0109260274
181.5	1.34831441048
182.0	1.34831441048
182.5	1.34831441048
183	1.34089358245
183.5	1.34089358245
184	1.37532746823
184.5	1.37532746823
185	1.37445384615
185.5	1.37445384615
186	1.56366666667
186.5	1.56366666667
187.0	1.56366666667
187.5	1.17886201022
188.0	1.17886201022
188.5	1.40090942699
189.0	1.40090942699
189.5	1.40090942699
190	0.997038961039
190.5	0.997038961039
191.0	0.997038961039
191.5	1.14815127529
192.0	1.14815127529
192.5	1.15572359015
193.0	1.15572359015
193.5	1.15572359015
194	1.30746971027
194.5	1.30746971027
195	1.31952610442
195.5	1.31952610442
196	1.27073684211
196.5	1.27073684211
197.0	1.27073684211
197.5	1.38964658635
198.0	1.38964658635
198.5	1.26204271845
199.0	1.26204271845
199.5	1.39159310345
200.0	1.39159310345
200.5	1.39159310345
201	1.24546478873
201.5	1.24546478873
202	1.1895791757
202.5	1.22284182306
203.0	1.22284182306
203.5	1.22284182306
204.0	1.22284182306
204.5	0.993484623542
205.0	0.993484623542
205.5	0.993484623542
206.0	0.993484623542
206.5	0.687569506726
207.0	0.687569506726
207.5	0.687569506726
208.0	0.687569506726
208.5	0.723866535819
209.0	0.723866535819
209.5	0.729731958763
210	0.721133333333
210.5	0.721133333333
211	0.771442080378
211.5	0.771442080378
212.0	0.771442080378
212.5	0.771442080378
213.0	0.771442080378
213.5	0.771442080378
214.0	0.771442080378
214.5	0.922890868597
215.0	0.922890868597
215.5	0.922890868597
216	1.13026804124
216.5	1.13026804124
217	1.12307949791
217.5	1.12307949791
218.0	1.12307949791
218.5	1.11754812287
219.0	1.11754812287
219.5	1.11754812287
220	1.11310321489
220.5	1.11310321489
221.0	1.11310321489
221.5	1.14045432099
222.0	1.14045432099
222.5	1.14045432099
223.0	1.14045432099
223.5	0.661407496977
224.0	0.661407496977
224.5	0.661407496977
225	0.827892635926
225.5	0.827892635926
226.0	0.827892635926
226.5	0.827892635926
227	0.792621994885
227.5	0.792621994885
228.0	0.792621994885
228.5	0.792621994885
229.0	0.792621994885
229.5	0.677274956217
230.0	0.677274956217
230.5	0.677274956217
231.0	0.677274956217
231.5	0.677274956217
232	0.641172881356
232.5	0.641172881356
233	1.08787943262
233.5	1.08787943262
234.0	1.08787943262
234.5	1.08787943262
235	0.827023255814
235.5	0.827023255814
236.0	0.827023255814
236.5	1.26555
237.0	1.26555
237.5	1.30322866894
238.0	1.30322866894
238.5	1.30965153115
239.0	1.30965153115
239.5	1.30965153115
240	1.46188976378
240.5	1.46188976378
241	1.2882971652
241.5	1.2882971652
242	1.49847181628
242.5	1.80317808219
243.0	1.80317808219
243.5	1.91957487923
244.0	1.91957487923
244.5	1.33470332851
245	1.51645582586
245.5	1.51645582586
246.0	1.51645582586
246.5	1.44140990099
247.0	1.44140990099
247.5	1.36073220339
248.0	1.36073220339
248.5	1.36073220339
249	1.12623137876
249.5	1.12623137876
250	1.63339491917
250.5	1.57821981982
251.0	1.57821981982
251.5	1.57821981982
252	1.60482527147
252.5	1.60482527147
253	1.71166086957
253.5	1.8355
254.0	1.8355
254.5	1.91969620253
255	1.95995704698
255.5	1.95995704698
256	1.71305080545
256.5	1.71305080545
257	1.68284179104
257.5	1.68284179104
258	1.77020618557
258.5	1.77020618557
259	1.86738797814
259.5	2.04581402003
260.0	2.04581402003
260.5	2.07033628319
261.0	2.07033628319
261.5	1.70827777778
262.0	1.70827777778
262.5	1.3294467169
263.0	1.3294467169
263.5	1.55867799811
264.0	1.55867799811
264.5	1.59700340522
265.0	1.59700340522
265.5	1.52067234043
266.0	1.52067234043
266.5	1.45244351464
267.0	1.45244351464
267.5	1.3798444666
268.0	1.3798444666
268.5	1.3798444666
269	1.2769873631
269.5	1.2769873631
270	1.53373584906
270.5	1.53373584906
271	1.5541047619
271.5	1.5541047619
272	1.65723917995
272.5	1.65723917995
273	1.52739282051
273.5	1.52739282051
274	1.38341894737
274.5	1.38341894737
275	1.34133333333
275.5	1.34133333333
276	1.38270529471
276.5	1.38270529471
277	1.72401061008
277.5	1.72401061008
278	1.99536217553
278.5	2.00119943423
279.0	2.00119943423
279.5	1.51910249307
280	1.55142857143
280.5	1.55142857143
281	1.57852737995
281.5	1.57852737995
282	1.54876767677
282.5	1.54876767677
283	1.7015455594
283.5	1.67394594595
284	1.6174953271
284.5	1.65644670051
285.0	1.65644670051
285.5	1.65644670051
286.0	1.65644670051
286.5	1.73561465969
287.0	1.73561465969
287.5	1.9621655481
288	2.44570387244
288.5	2.44570387244
289	1.82520401338
289.5	1.82520401338
290	1.80478463649
290.5	1.80478463649
291	1.82924356436
291.5	1.77304376013
292.0	1.77304376013
292.5	1.86500465116
293	2.29227218935
293.5	2.29227218935
294	2.05431075697
294.5	2.05431075697
295	1.63940195016
295.5	1.63940195016
296	1.44879338843
296.5	1.44879338843
297	1.39458823529
297.5	1.39458823529
298.0	1.40896222664
298.5	1.40896222664
299	1.75158715596
299.5	1.75158715596
300	2.17204903678
300.5	2.39561290323
301	2.40497810219
301.5	2.40497810219
302	2.37278677686
302.5	2.31950660793
303.0	2.31950660793
303.5	2.31950660793
304	1.34014165261
304.5	1.34014165261
305	0.815455349248
305.5	0.815455349248
306.0	0.815455349248
306.5	0.929632653061
307.0	0.929632653061
307.5	0.929632653061
308	1.09542814146
308.5	1.09542814146
309.0	1.09542814146
309.5	1.09542814146
310	0.841984268485
310.5	0.841984268485
311.0	0.841984268485
311.5	0.925328125
312.0	0.925328125
312.5	0.925328125
313	1.0257577955
313.5	1.0257577955
