0.0	1.29678347196
0.5	1.29678347196
1.0	1.29678347196
1.5	1.29678347196
2	1.19250577838
2.5	1.19250577838
3.0	1.19250577838
3.5	1.00155223881
4.0	1.00155223881
4.5	1.00155223881
5	1.32353112369
5.5	1.32353112369
6	1.40865952891
6.5	1.40865952891
7.0	1.40865952891
7.5	1.1708086185
8.0	1.1708086185
8.5	1.1708086185
9	0.885087378641
9.5	0.885087378641
10.0	0.885087378641
10.5	0.885087378641
11.0	0.885087378641
11.5	0.456172923777
12.0	0.456172923777
12.5	0.456172923777
13.0	0.456172923777
13.5	0.456172923777
14.0	0.456172923777
14.5	0.456172923777
15.0	0.456172923777
15.5	0.456172923777
16.0	0.456172923777
16.5	0.325199580273
17.0	0.325199580273
17.5	0.325199580273
18.0	0.325199580273
18.5	0.325199580273
19.0	0.325199580273
19.5	0.325199580273
20.0	0.325199580273
20.5	0.325199580273
21.0	0.335697916667
21.5	0.335697916667
22.0	0.335697916667
22.5	0.335697916667
23.0	0.335697916667
23.5	0.335697916667
24.0	0.335697916667
24.5	0.335697916667
25.0	0.335697916667
25.5	0.335697916667
26	0.328378472222
26.5	0.328378472222
27.0	0.328378472222
27.5	0.328378472222
28.0	0.328378472222
28.5	0.547336306869
29.0	0.547336306869
29.5	0.547336306869
30.0	0.547336306869
30.5	0.547336306869
31.0	0.547336306869
31.5	0.547336306869
32	0.439160258209
32.5	0.439160258209
33.0	0.439160258209
33.5	0.439160258209
34.0	0.439160258209
34.5	0.439160258209
35.0	0.439160258209
35.5	0.411083526682
36.0	0.411083526682
36.5	0.411083526682
37.0	0.411083526682
37.5	0.411083526682
38.0	0.411083526682
38.5	0.581196347032
39.0	0.581196347032
39.5	0.581196347032
40.0	0.581196347032
40.5	0.581196347032
41.0	0.581196347032
41.5	0.387696155048
42.0	0.387696155048
42.5	0.387696155048
43.0	0.387696155048
43.5	0.387696155048
44.0	0.387696155048
44.5	0.561542533081
45.0	0.561542533081
45.5	0.561542533081
46.0	0.561542533081
46.5	0.561542533081
47.0	0.561542533081
47.5	0.453363605091
48.0	0.453363605091
48.5	0.453363605091
49.0	0.453363605091
49.5	0.453363605091
50.0	0.453363605091
50.5	0.453363605091
51.0	0.453363605091
51.5	0.453363605091
52	0.327972583962
52.5	0.327972583962
53.0	0.327972583962
53.5	0.625330166271
54.0	0.625330166271
54.5	0.625330166271
55.0	0.625330166271
55.5	0.831280334728
56.0	0.831280334728
56.5	0.831280334728
57	0.774374475231
57.5	0.774374475231
58.0	0.774374475231
58.5	0.774374475231
59.0	0.774374475231
59.5	0.467753554502
60.0	0.467753554502
60.5	0.467753554502
61.0	0.467753554502
61.5	0.711546432063
62.0	0.711546432063
62.5	0.711546432063
63.0	0.711546432063
63.5	0.711546432063
64.0	0.711546432063
64.5	0.711546432063
65	0.491630128598
65.5	0.491630128598
66.0	0.491630128598
66.5	0.491630128598
67.0	0.491630128598
67.5	0.637356053812
68.0	0.637356053812
68.5	0.637356053812
69.0	0.637356053812
69.5	0.764192328471
70.0	0.764192328471
70.5	0.842223076923
71.0	0.842223076923
71.5	0.842223076923
72.0	0.842223076923
72.5	0.823967562088
73.0	0.823967562088
73.5	0.823967562088
74	0.989772470145
74.5	0.989772470145
75.0	0.989772470145
75.5	0.906165497896
76.0	0.906165497896
76.5	0.906165497896
77	0.968274541101
77.5	0.968274541101
78.0	0.968274541101
78.5	0.968274541101
79	0.716471050049
79.5	0.716471050049
80.0	0.716471050049
80.5	0.716471050049
81	0.822386674598
81.5	0.822386674598
82.0	0.822386674598
82.5	0.822386674598
83.0	0.822386674598
83.5	0.689745513866
84.0	0.689745513866
84.5	0.689745513866
85.0	0.689745513866
85.5	0.689745513866
86	0.658523489933
86.5	0.658523489933
87.0	0.658523489933
87.5	0.658523489933
88	0.715294610152
88.5	0.715294610152
89.0	0.715294610152
89.5	0.715294610152
90	0.715012
90.5	0.715012
91.0	0.715012
91.5	0.985044210526
92.0	0.985044210526
92.5	0.985044210526
93	1.0193038674
93.5	1.0193038674
94.0	1.0193038674
94.5	0.866705964912
95.0	0.866705964912
95.5	0.866705964912
96.0	0.866705964912
96.5	0.84604818042
97.0	0.84604818042
97.5	0.84604818042
98	0.943635144199
98.5	0.943635144199
99.0	0.943635144199
99.5	0.959994627267
100.0	0.959994627267
100.5	0.959994627267
101.0	0.959994627267
101.5	0.798468085106
102.0	0.798468085106
102.5	0.798468085106
103	0.900445022772
103.5	0.900445022772
104.0	0.900445022772
104.5	0.900445022772
105	0.886942071387
105.5	0.886942071387
106.0	0.886942071387
106.5	0.85249599013
107.0	0.85249599013
107.5	0.85249599013
108.0	0.85249599013
108.5	0.766557839107
109.0	0.766557839107
109.5	0.766557839107
110.0	0.766557839107
110.5	0.830511415525
111.0	0.830511415525
111.5	0.830511415525
112.0	0.830511415525
112.5	0.782147058824
113.0	0.782147058824
113.5	0.782147058824
114	0.953044234953
114.5	0.953044234953
115.0	0.953044234953
115.5	0.790016073479
116.0	0.790016073479
116.5	0.790016073479
117.0	0.790016073479
117.5	0.797745244957
118.0	0.797745244957
118.5	0.797745244957
119	0.886096796183
119.5	0.886096796183
120.0	0.886096796183
120.5	0.886096796183
121.0	0.886096796183
121.5	0.886096796183
122	0.558177040111
122.5	0.558177040111
123.0	0.558177040111
123.5	0.558177040111
124.0	0.558177040111
124.5	0.558177040111
125	0.501541297412
125.5	0.501541297412
126.0	0.501541297412
126.5	0.501541297412
127.0	0.501541297412
127.5	0.501541297412
128.0	0.501541297412
128.5	0.315896313364
129.0	0.315896313364
129.5	0.704976816074
130.0	0.704976816074
130.5	0.704976816074
131.0	0.704976816074
131.5	0.704976816074
132.0	0.704976816074
132.5	0.639273967929
133.0	0.639273967929
133.5	0.639273967929
134.0	0.639273967929
134.5	0.639273967929
135.0	0.639273967929
135.5	0.639273967929
136	0.39069988675
136.5	0.39069988675
137.0	0.39069988675
137.5	0.39069988675
138.0	0.39069988675
138.5	0.602876992235
139	0.855765112263
139.5	0.855765112263
140	0.665661538462
140.5	0.665661538462
141	0.575520282187
141.5	0.575520282187
142.0	0.575520282187
142.5	0.575520282187
143.0	0.575520282187
143.5	0.575520282187
144.0	0.575520282187
144.5	1.10280239521
145.0	1.10280239521
145.5	1.10280239521
146.0	1.10280239521
146.5	0.987155880698
147.0	0.987155880698
147.5	0.97252173913
148.0	0.97252173913
148.5	0.97252173913
149.0	0.97252173913
149.5	1.05831157078
150.0	1.05831157078
150.5	1.05831157078
151	0.935101634684
151.5	0.935101634684
152.0	0.935101634684
152.5	0.935101634684
153	0.954305785124
153.5	0.954305785124
154	0.990016289593
154.5	0.990016289593
155.0	0.990016289593
155.5	0.873586056645
156.0	0.873586056645
156.5	0.873586056645
157.0	0.873586056645
157.5	0.873586056645
158.0	0.873586056645
158.5	0.555802008608
159.0	0.555802008608
159.5	0.555802008608
160	0.884445969125
160.5	0.884445969125
161.0	0.884445969125
161.5	0.884445969125
162	1.02379431664
162.5	1.02379431664
163	1.14577777778
163.5	1.14577777778
164.0	1.14577777778
164.5	0.965881481481
165.0	0.965881481481
165.5	0.965881481481
166	1.03461021898
166.5	1.03461021898
167.0	1.03461021898
167.5	1.03461021898
168	0.812870675891
168.5	0.812870675891
169.0	0.812870675891
169.5	0.812870675891
170.0	0.812870675891
170.5	0.555663082437
171.0	0.555663082437
171.5	0.555663082437
172.0	0.555663082437
172.5	0.698298072402
173.0	0.698298072402
173.5	0.698298072402
174	1.04514512292
174.5	1.04514512292
175.0	1.04514512292
175.5	1.23116295026
176.0	1.23116295026
176.5	0.923733333333
177.0	0.923733333333
177.5	0.923733333333
178	1.11381079187
178.5	1.11381079187
179	1.06253456221
179.5	1.06253456221
180.0	1.06253456221
180.5	0.793269926323
181.0	0.793269926323
181.5	0.793269926323
182	0.955892317794
182.5	0.955892317794
183.0	0.955892317794
183.5	0.955892317794
184.0	0.955892317794
184.5	0.955892317794
185	0.644068993181
185.5	0.644068993181
186.0	0.644068993181
186.5	0.644068993181
187	0.768687939427
187.5	0.768687939427
188	1.05877245509
188.5	1.05877245509
189	0.98086450168
189.5	0.98086450168
190.0	0.98086450168
190.5	0.98086450168
191	1.16203573981
191.5	1.16203573981
192.0	1.16203573981
192.5	1.03805405405
193.0	1.03805405405
193.5	1.03805405405
194	0.773304608019
194.5	0.773304608019
195.0	0.773304608019
195.5	0.886877192982
196.0	0.886877192982
196.5	0.886877192982
197	0.983940700809
197.5	0.983940700809
198.0	0.983940700809
198.5	0.983940700809
199	0.855465346535
199.5	0.855465346535
200.0	0.855465346535
200.5	0.855465346535
201	0.892483377309
201.5	0.892483377309
202.0	0.892483377309
202.5	0.892483377309
203	0.749825327511
203.5	0.749825327511
204.0	0.749825327511
204.5	0.749825327511
205	0.735698600646
205.5	0.735698600646
206.0	0.735698600646
206.5	0.735698600646
207.0	0.735698600646
207.5	0.735698600646
208	0.4377177839
208.5	0.4377177839
209.0	0.4377177839
209.5	0.4377177839
210	0.762873913043
210.5	0.762873913043
211.0	0.762873913043
211.5	0.762873913043
212.0	0.762873913043
212.5	0.762873913043
213	0.505982859102
213.5	0.505982859102
214.0	0.505982859102
214.5	0.822274300932
215.0	0.822274300932
215.5	0.822274300932
216.0	0.822274300932
216.5	0.976710059172
217.0	0.976710059172
217.5	0.976710059172
218	0.915989583333
218.5	0.915989583333
219.0	0.915989583333
219.5	1.13267194929
220.0	1.13267194929
220.5	1.13267194929
221	1.10994084732
221.5	1.10994084732
222.0	1.10994084732
222.5	1.03824756189
223.0	1.03824756189
223.5	1.03824756189
224	0.935669135802
224.5	0.935669135802
225.0	0.935669135802
225.5	0.851445471349
226.0	0.851445471349
226.5	0.851445471349
227	0.922578091873
227.5	0.922578091873
228.0	0.922578091873
228.5	0.922578091873
229	0.815157422969
229.5	0.815157422969
230.0	0.815157422969
230.5	0.815157422969
231	0.827337777778
231.5	0.827337777778
232.0	0.827337777778
232.5	0.980050708427
233.0	0.980050708427
233.5	0.980050708427
234	1.006
234.5	1.006
235.0	1.006
235.5	1.01472727273
236.0	1.01472727273
236.5	1.01472727273
237	0.86372358804
237.5	0.86372358804
238.0	0.86372358804
238.5	0.86372358804
239	0.949557647059
239.5	0.949557647059
240.0	0.949557647059
240.5	0.975757241379
241.0	0.975757241379
241.5	0.888810372771
242	1.09381294964
242.5	1.09381294964
243.0	1.09381294964
243.5	1.09381294964
244.0	1.09381294964
244.5	0.865056325023
245.0	0.865056325023
245.5	0.865056325023
246	0.810782608696
246.5	0.810782608696
247.0	0.810782608696
247.5	0.810782608696
248	0.937255400254
248.5	0.883222816399
249	1.02409467456
249.5	1.02409467456
250	0.821964735516
250.5	0.821964735516
251.0	0.821964735516
251.5	0.821964735516
252.0	0.821964735516
252.5	0.821964735516
253.0	0.821964735516
253.5	0.821964735516
254.0	0.821964735516
254.5	0.670785916633
255.0	0.670785916633
255.5	0.670785916633
256	1.03369239835
256.5	1.03369239835
257.0	1.03369239835
257.5	0.855509163347
258.0	0.855509163347
258.5	0.855509163347
259.0	0.855509163347
259.5	0.804129666012
260.0	0.804129666012
260.5	0.804129666012
261.0	0.804129666012
261.5	0.781287410926
262.0	0.781287410926
262.5	0.781287410926
263.0	0.781287410926
263.5	0.781287410926
264	0.789208030756
264.5	0.789208030756
265.0	0.789208030756
265.5	0.789208030756
266	0.575772631579
266.5	0.575772631579
267.0	0.575772631579
267.5	0.575772631579
268.0	0.575772631579
268.5	0.575772631579
269.0	0.575772631579
269.5	0.359942549372
270.0	0.359942549372
270.5	0.359942549372
271.0	0.359942549372
271.5	0.359942549372
272	0.626344381568
272.5	0.626344381568
273.0	0.626344381568
273.5	0.960208566108
274.0	0.960208566108
274.5	0.960208566108
275.0	0.960208566108
275.5	0.960208566108
276	0.656756944444
276.5	0.656756944444
277.0	0.656756944444
277.5	0.814826029216
278.0	0.814826029216
278.5	0.814826029216
279.0	0.814826029216
279.5	0.87414972067
280.0	0.87414972067
280.5	0.87414972067
281.0	0.87414972067
281.5	0.820738853503
282.0	0.820738853503
282.5	0.820738853503
283.0	0.820738853503
283.5	0.665526797386
284.0	0.665526797386
284.5	0.665526797386
285.0	0.665526797386
285.5	0.807973941368
286.0	0.807973941368
286.5	0.807973941368
287.0	0.807973941368
287.5	0.807973941368
288.0	0.807973941368
288.5	0.44926799758
289.0	0.44926799758
289.5	0.44926799758
290.0	0.44926799758
290.5	0.70856344086
291.0	0.70856344086
291.5	0.70856344086
292	1.24829217391
292.5	1.24829217391
293	1.24034864547
293.5	1.24034864547
294.0	1.24034864547
294.5	1.18083803863
295	1.32131805158
295.5	1.32131805158
296	1.17378790882
296.5	1.17378790882
297.0	1.17378790882
297.5	1.17378790882
298	0.999879120879
298.5	0.999879120879
299	1.19114540059
299.5	1.19114540059
300.0	1.19114540059
300.5	1.00445512367
301.0	1.00445512367
301.5	1.00445512367
302	1.28359346642
302.5	1.28359346642
303	1.13020903226
303.5	1.13020903226
304.0	1.13020903226
304.5	1.08668983957
305.0	1.08668983957
305.5	1.08668983957
306.0	1.08668983957
306.5	1.08668983957
307	0.602190439771
307.5	0.602190439771
308	2.02220970266
308.5	1.85511926606
309.0	1.85511926606
309.5	1.38667426401
310.0	1.38667426401
310.5	1.38667426401
311	1.21800176211
311.5	1.21800176211
312.0	1.21800176211
312.5	1.05637476577
313.0	1.05637476577
313.5	1.05637476577
314	1.0190504451
314.5	1.0190504451
315.0	1.0190504451
