0.0	1.30801407307
0.5	1.30801407307
1.0	1.30801407307
1.5	1.30801407307
2	1.13981546459
2.5	1.13981546459
3	1.21592751982
3.5	1.21592751982
4.0	1.21592751982
4.5	1.46571888988
5.0	1.46571888988
5.5	1.48163063063
6.0	1.48163063063
6.5	2.37167650834
7	2.42028318584
7.5	2.24426865672
8.0	2.24426865672
8.5	2.12853846154
9	2.08195962315
9.5	2.08195962315
10	2.65934622144
10.5	2.81451376147
11	3.11079125249
11.5	2.03651724138
12.0	2.03651724138
12.5	2.2136
13	2.7198245614
13.5	2.7198245614
14	2.20367952522
14.5	1.88006847361
15.0	1.88006847361
15.5	1.66922790698
16.0	1.66922790698
16.5	1.75217304493
17	2.32709809663
17.5	1.73360902256
18.0	1.73360902256
18.5	1.69921377331
19.0	1.69921377331
19.5	1.81298132005
20.0	1.81298132005
20.5	1.94862135922
21.0	1.94862135922
21.5	1.46074409044
22	2.48597539543
22.5	2.72022360248
23	2.85208421053
23.5	2.85208421053
24	2.37515535445
24.5	2.31161359571
25	2.28914716981
25.5	2.28914716981
26	1.52100833333
26.5	2.99227705628
27.0	2.99227705628
27.5	2.70168690096
28	2.1735443038
28.5	2.1735443038
29	1.60437558685
29.5	1.60437558685
30.0	1.60437558685
30.5	0.942044795784
31.0	0.942044795784
31.5	0.942044795784
32.0	0.942044795784
32.5	0.952298507463
33.0	0.952298507463
33.5	1.57855828877
34	1.97293290735
34.5	1.97293290735
35	2.29255555556
35.5	2.08130177515
36.0	2.08130177515
36.5	1.91870067114
37	2.01237101449
37.5	2.01237101449
38	2.45387234043
38.5	2.13490704225
39.0	2.13490704225
39.5	1.94633239437
40	1.93974442793
40.5	1.93974442793
41	2.22826339969
41.5	2.22826339969
42	1.96724966975
42.5	2.18313621262
43	2.47075044883
43.5	2.47075044883
44	2.24325445705
44.5	2.24896885813
45.0	2.24896885813
45.5	2.31267621777
46	2.62982899628
46.5	2.08119924099
47	1.8693442623
47.5	1.8693442623
48	1.84058153242
48.5	1.84058153242
49	2.00574418605
49.5	2.10148148148
50	2.14996273292
50.5	1.63568922306
51.0	1.63568922306
51.5	1.63568922306
52.0	1.63568922306
52.5	1.63568922306
53	1.82948344371
53.5	1.82948344371
54	1.72146810599
54.5	1.72146810599
55.0	0.8388
55.5	0.8388
56.0	0.8388
56.5	1.54745557656
57.0	1.54745557656
57.5	1.54745557656
58	0.753975931232
58.5	0.753975931232
59.0	0.753975931232
59.5	1.43442236025
60.0	1.43442236025
60.5	1.59470553936
61.0	1.59470553936
61.5	1.38746020761
62.0	1.38746020761
62.5	1.38746020761
63	1.08895010541
63.5	1.08895010541
64.0	1.08895010541
64.5	0.902506417736
65.0	0.902506417736
65.5	0.902506417736
66	1.21247435897
66.5	1.21247435897
67	1.51310480888
67.5	1.51310480888
68.0	1.51310480888
68.5	1.01015364751
69.0	1.01015364751
69.5	1.9824
70.0	1.9824
70.5	1.9824
71	1.16416463415
71.5	2.17204903678
72.0	2.17204903678
72.5	2.10977272727
73	2.04647204969
73.5	2.04647204969
74	1.80343718593
74.5	1.77881081081
75.0	1.77881081081
75.5	1.78585168539
76	1.7634416826
76.5	1.7634416826
77	1.86218867925
77.5	1.86218867925
78	1.59280525164
78.5	1.59280525164
79	1.62352275025
79.5	1.62352275025
80	1.55674041621
80.5	1.55674041621
81.0	1.55674041621
81.5	0.926339227243
82.0	0.926339227243
82.5	0.959377875137
83.0	0.959377875137
83.5	0.959377875137
84.0	0.959377875137
84.5	0.959377875137
85	0.798079528719
85.5	0.798079528719
86	1.54233888345
86.5	1.54233888345
87.0	1.54233888345
87.5	0.800118885449
88.0	0.800118885449
88.5	0.800118885449
89	1.20123564356
89.5	1.20123564356
90.0	1.20123564356
90.5	1.03558014184
91	2.61329300567
91.5	2.5356161919
92.0	2.5356161919
92.5	2.49306715064
93	2.28583277592
93.5	2.74476775432
94	2.98022929936
94.5	2.98022929936
95.0	2.98022929936
95.5	1.1798177458
96	1.93886342229
96.5	1.93886342229
97.0	1.93886342229
97.5	1.43284722222
98.0	1.43284722222
98.5	1.93796143251
99	3.00300840336
99.5	2.55715653775
100.0	2.55715653775
100.5	2.03228193833
101.0	2.03228193833
101.5	1.41397761194
102.0	1.41397761194
102.5	1.66493493976
103.0	1.66493493976
103.5	1.33208979592
104	2.45372006745
104.5	2.45372006745
105	1.92902590674
105.5	2.30166024518
106.0	2.30166024518
106.5	2.50219636364
107	2.20045786963
107.5	2.20045786963
108	1.40834669556
108.5	1.40834669556
109	1.49191127542
109.5	1.49191127542
110.0	1.49191127542
110.5	1.49191127542
111	0.88097633873
111.5	0.88097633873
112.0	0.88097633873
112.5	0.88097633873
113	0.599995623632
113.5	0.927073170732
114.0	0.927073170732
114.5	1.8333776908
115.0	1.8333776908
115.5	1.44800839454
116.0	1.44800839454
116.5	1.44800839454
117	0.984149432955
117.5	1.26723273657
118	1.24065949821
118.5	1.24065949821
119	0.908969359331
119.5	0.908969359331
120.0	0.908969359331
120.5	0.908969359331
121.0	0.908969359331
121.5	1.40348179509
122.0	1.40348179509
122.5	1.40348179509
123	1.39663694268
123.5	1.39663694268
124	1.29669565217
124.5	1.29669565217
125	1.53440299906
125.5	2.11185874799
126.0	2.11185874799
126.5	2.50343631436
127	2.58621276596
127.5	2.70320898876
128	2.87490909091
128.5	2.87490909091
129	2.29850817236
129.5	2.68292198582
130	3.15457069409
130.5	3.15457069409
131	1.52359104187
131.5	1.52359104187
132.0	1.52359104187
132.5	1.03916129032
133.0	1.03916129032
133.5	2.05569851952
134	3.17196930946
134.5	3.01273833671
135	2.88386870897
135.5	2.88386870897
136	1.52879233227
136.5	2.32462693157
137.0	2.32462693157
137.5	3.63102362205
138	3.57810271903
138.5	3.4745202864
139	3.43825267666
139.5	3.26736551724
140	3.25177011494
140.5	2.96919322034
141	2.96658394161
141.5	2.96658394161
142	3.05772427184
142.5	2.90380224719
143	1.97276097561
143.5	1.97276097561
144	1.96523283984
144.5	1.96523283984
145	1.74770164349
145.5	1.74770164349
146.0	1.74770164349
146.5	1.74770164349
147	0.842258964143
147.5	0.842258964143
148	1.25910174152
148.5	1.25910174152
149.0	1.25910174152
149.5	0.948596807772
150.0	0.948596807772
150.5	0.948596807772
151.0	0.948596807772
151.5	0.948596807772
152.0	0.948596807772
152.5	0.557296960249
153.0	0.557296960249
153.5	0.557296960249
154	0.812319444444
154.5	0.812319444444
155.0	0.812319444444
155.5	0.812319444444
156	0.845333333333
156.5	0.845333333333
157.0	0.845333333333
157.5	0.845333333333
158	0.718473531123
158.5	0.718473531123
159	1.38476510067
159.5	1.38476510067
160	1.68700239808
160.5	1.68700239808
161	1.63363657143
161.5	1.63363657143
162	1.20115570934
162.5	1.20115570934
163.0	1.20115570934
163.5	1.11521676068
164.0	1.11521676068
164.5	1.11521676068
165	1.12530363771
165.5	1.12530363771
166.0	1.12530363771
166.5	0.912745046235
167.0	0.912745046235
167.5	0.912745046235
168	1.05961688312
168.5	1.05961688312
169.0	1.05961688312
169.5	0.925608142494
170.0	0.925608142494
170.5	1.50425050505
171.0	1.50425050505
171.5	1.46189988877
172.0	1.46189988877
172.5	1.58915473441
173.0	1.58915473441
173.5	1.61881637427
174.0	1.61881637427
174.5	1.85171509972
175	2.1580855615
175.5	2.1580855615
176	1.53122077922
176.5	1.53122077922
177.0	1.8693442623
177.5	1.8693442623
178	2.33921598002
178.5	2.33921598002
179	2.11001834862
179.5	2.43841322314
180	2.70425
180.5	2.82528138528
181.0	2.82528138528
181.5	2.82528138528
182	2.37126180258
182.5	2.37126180258
183	2.45339300699
183.5	2.62509535452
184	3.03186666667
184.5	3.03186666667
185	2.00868396947
185.5	2.00868396947
186	2.18384869976
186.5	2.70784158416
187	2.52186163522
187.5	2.66708433735
188	3.03312941176
188.5	3.03312941176
189	2.29964741641
189.5	2.26825878004
190	2.73553846154
190.5	2.73553846154
191	2.74161702128
191.5	2.66559162304
192	2.31820560748
192.5	2.31820560748
193	2.19067846608
193.5	2.13949350649
194.0	2.13949350649
194.5	2.1048914956
195	2.79325198939
195.5	2.81809929078
196	3.08454849498
196.5	3.06826943005
197	2.74166478343
197.5	2.78761111111
198	2.91848870637
198.5	2.91848870637
199	2.78952866242
199.5	2.78952866242
200	2.16181914894
200.5	2.62892821369
201	3.11371566265
201.5	3.11371566265
202	2.40723809524
202.5	2.32881658692
203	2.35508006814
203.5	2.35508006814
204	2.04752542373
204.5	2.04752542373
205	1.74768447837
205.5	1.74768447837
206	2.03411904762
206.5	2.2880384
207	2.15620276498
207.5	2.15620276498
208	1.7955620438
208.5	1.7955620438
209	2.08977326565
209.5	2.2037917223
210.0	2.2037917223
210.5	2.19152647975
211	2.26893968254
211.5	2.26893968254
212	2.24682200647
212.5	2.2143744
213.0	2.2143744
213.5	2.08785674931
214.0	2.08785674931
214.5	2.08785674931
215.0	2.08785674931
215.5	2.08785674931
216.0	2.08785674931
216.5	0.493534285714
217	1.80310497238
217.5	1.80310497238
218	1.71586792453
218.5	1.71586792453
219	1.90924102564
219.5	1.99430652504
220.0	1.99430652504
220.5	1.92207821229
221.0	1.92207821229
221.5	1.37857370518
222.0	1.37857370518
222.5	1.37857370518
223	0.886701227831
223.5	0.886701227831
224.0	0.886701227831
224.5	0.886701227831
225	0.856819532909
225.5	0.856819532909
226.0	0.856819532909
226.5	0.856819532909
227.0	0.856819532909
227.5	0.670862019915
228.0	0.670862019915
228.5	1.01086820276
229	1.45261146497
229.5	1.45261146497
230.0	1.45261146497
230.5	1.36468463219
231.0	1.36468463219
231.5	1.1855257732
232.0	1.1855257732
232.5	1.1855257732
233	1.67394594595
233.5	1.6483047619
234	1.79790633609
234.5	1.79790633609
235.0	1.79790633609
235.5	1.79790633609
236.0	1.79790633609
236.5	1.79790633609
237	1.69653224156
237.5	1.69653224156
238	1.88824111948
238.5	1.82285908319
239.0	1.82285908319
239.5	1.74915384615
240.0	1.74915384615
240.5	1.59864884569
241.0	1.59864884569
241.5	1.59864884569
242.0	1.59864884569
