0.0	1.89682574568
0.5	1.89682574568
1.0	1.89682574568
1.5	1.64095042095
2	1.87703496503
2.5	1.87703496503
3.0	1.87703496503
3.5	1.61939465875
4.0	1.61939465875
4.5	1.69766193548
5.0	1.69766193548
5.5	2.25034835566
6	2.53820881671
6.5	2.37263905325
7	2.30935320417
7.5	2.30935320417
8	2.20042105263
8.5	2.34599689922
9.0	2.34599689922
9.5	2.396734375
10	2.66563543441
10.5	2.78470726916
11	2.97735672515
11.5	2.85769585253
12.0	2.85769585253
12.5	2.78142322097
13	2.83425376344
13.5	2.83702766798
14	2.75669109948
14.5	2.76418782609
15	2.78634441088
15.5	2.76717757009
16	2.63259312839
16.5	2.63259312839
17	2.57730979133
17.5	2.41307979626
18.0	2.41307979626
18.5	2.53153757225
19.0	2.53153757225
19.5	2.11128311688
20.0	2.11128311688
20.5	2.01114687101
21	2.09771428571
21.5	2.44114285714
22.0	2.44114285714
22.5	2.07116028369
23.0	2.07116028369
23.5	1.53433074362
24.0	1.53433074362
24.5	1.52228262826
25.0	1.52228262826
25.5	1.69381011097
26.0	1.69381011097
26.5	2.14588383046
27	2.06949927641
27.5	2.06949927641
28	2.10132934132
28.5	2.2261719457
29	2.81976255708
29.5	2.81976255708
30	2.81679180887
30.5	2.85967479675
31	2.84181312127
31.5	2.83954192229
32	2.81870468432
32.5	2.81870468432
33	2.81744237918
33.5	2.80303448276
34	2.80741505376
34.5	3.09586382979
35	3.14178902954
35.5	2.72665560166
36.0	2.72665560166
36.5	2.71441420118
37	2.57265427509
37.5	2.53392592593
38.0	2.48728505393
38.5	2.48728505393
39	2.2316214511
39.5	2.2023935743
40	2.79828220859
40.5	2.78826190476
41	2.76543486974
41.5	2.76543486974
42	2.31536448598
42.5	2.28195804196
43.0	2.28195804196
43.5	2.28195804196
44.0	2.28195804196
44.5	2.75334219269
45	2.73236137072
45.5	2.73196946565
46	2.76089038786
46.5	2.76089038786
47	2.85398698482
47.5	2.65069727403
48	2.568
48.5	2.568
49	1.74085094067
49.5	1.74085094067
50	1.56681092012
50.5	1.56681092012
51	2.01681355932
51.5	2.34236532508
52	2.11573793103
52.5	2.11573793103
53	1.7522150056
53.5	1.7522150056
54	2.11554626866
54.5	2.54140432612
55	2.65008547009
55.5	2.65008547009
56	2.64284697509
56.5	2.64113827655
57	2.6485904059
57.5	2.70014358974
58	2.64021262458
58.5	2.63508571429
59	2.56353246753
59.5	2.56353246753
60	2.53627874564
60.5	2.53627874564
61	1.93920772947
61.5	2.42957948718
62	2.762734375
62.5	2.737225
63.0	2.737225
63.5	2.54411267606
64	2.64216107383
64.5	2.70333054393
65	2.76997260274
65.5	2.69403690037
66.0	2.69403690037
66.5	2.64833716475
67	2.57421004566
67.5	2.57421004566
68	2.4573881932
68.5	2.07739817629
69	2.44448547009
69.5	2.44448547009
70	2.52008617594
70.5	2.75878878505
71	2.76298881432
71.5	2.79769491525
72.0	2.79769491525
72.5	2.52596050269
73	2.41866666667
73.5	2.28753871499
74.0	2.28753871499
74.5	2.08745701357
75.0	2.08745701357
75.5	1.938342711
76	2.04422485207
76.5	2.04422485207
77	2.02081733746
77.5	2.10268208092
78.0	2.10268208092
78.5	2.23269565217
79	2.43379259259
79.5	2.44008510638
80.0	2.44008510638
80.5	2.43249209139
81	2.63138461538
81.5	2.74999659284
82	2.763375
82.5	2.77668860759
83	2.83304347826
83.5	2.80916341829
84.0	2.80916341829
84.5	2.4642
85	2.52609589041
85.5	2.88453333333
86	2.96654545455
86.5	2.96654545455
87.0	2.96654545455
87.5	2.96654545455
88	1.83759645233
88.5	1.83759645233
89	1.70143161979
89.5	1.70143161979
90	1.69883544304
90.5	1.69883544304
91	1.90594644936
91.5	2.06544427002
92.0	2.06544427002
92.5	2.07122869955
93	1.7503488
93.5	1.7503488
94	1.97201311475
94.5	1.97201311475
95	2.09119568151
95.5	2.00375129534
96.0	2.00375129534
96.5	1.96260440986
97.0	1.96260440986
97.5	1.79667349927
98.0	1.79667349927
98.5	1.65404651163
99.0	1.65404651163
99.5	1.57315871254
100.0	1.57315871254
100.5	1.62834115139
101	1.74928067701
101.5	1.74928067701
102.0	1.74928067701
102.5	1.3320896861
103.0	1.3320896861
103.5	1.57458542413
104	1.85469767442
104.5	1.85469767442
105	1.57643113772
105.5	1.57643113772
106	1.4318990991
106.5	1.4318990991
107	1.38897590361
107.5	1.38897590361
108	1.39008450704
108.5	1.39008450704
109	1.30100446828
109.5	1.30100446828
110.0	1.30100446828
110.5	1.10430811554
111.0	1.10430811554
111.5	1.10430811554
112	1.1499223301
112.5	1.1499223301
113.0	1.1499223301
113.5	1.1499223301
114.0	1.1499223301
114.5	0.580434961018
115.0	0.580434961018
115.5	0.85371539961
116.0	0.85371539961
116.5	0.85371539961
117.0	0.85371539961
117.5	0.85371539961
118	0.693848911652
118.5	0.693848911652
119.0	0.693848911652
119.5	0.693848911652
120.0	0.693848911652
120.5	0.681405452185
121.0	0.681405452185
121.5	1.13949911817
122.0	1.13949911817
122.5	1.13949911817
123	0.899368421053
123.5	0.899368421053
124.0	0.899368421053
124.5	0.899368421053
125	0.728263341646
125.5	0.728263341646
126.0	0.728263341646
126.5	0.728263341646
127.0	0.728263341646
127.5	0.728263341646
128.0	0.728263341646
128.5	0.456700363396
129.0	0.456700363396
129.5	0.456700363396
130.0	0.456700363396
130.5	0.456700363396
131.0	0.456700363396
131.5	0.456700363396
132	0.497135802469
132.5	0.497135802469
133.0	0.497135802469
133.5	0.833038204973
134.0	0.833038204973
134.5	0.833038204973
135.0	0.833038204973
135.5	0.841186461538
136.0	0.841186461538
136.5	0.841186461538
137	0.827560185185
137.5	0.827560185185
138.0	0.827560185185
138.5	0.827560185185
139	0.825698823529
139.5	0.825698823529
140.0	0.825698823529
140.5	0.825698823529
141.0	0.825698823529
141.5	0.579259026688
142.0	0.579259026688
142.5	0.579259026688
143.0	0.579259026688
143.5	0.579259026688
144.0	0.579259026688
144.5	0.443785842616
145.0	0.443785842616
145.5	0.443785842616
146.0	0.443785842616
146.5	0.443785842616
147.0	0.443785842616
147.5	0.534533678756
148.0	0.534533678756
148.5	0.534533678756
149.0	0.534533678756
149.5	0.534533678756
150.0	0.534533678756
150.5	0.534533678756
151.0	0.534533678756
151.5	0.364403004403
152.0	0.364403004403
152.5	0.364403004403
153	0.913375079872
153.5	0.913375079872
154.0	0.913375079872
154.5	0.913375079872
155	0.921390842734
155.5	0.921390842734
156.0	0.921390842734
156.5	0.808401869159
157.0	0.808401869159
157.5	0.808401869159
158.0	0.808401869159
158.5	0.920330297511
159.0	0.920330297511
159.5	0.920330297511
160	1.04768460955
160.5	1.04768460955
161	1.39620106952
161.5	1.39620106952
162	1.39909230769
162.5	1.39909230769
163	1.49669145729
163.5	1.49669145729
164	1.36900833333
164.5	1.36900833333
165.0	1.36900833333
165.5	1.26489705882
166.0	1.26489705882
166.5	1.19317931034
167.0	1.19317931034
167.5	1.45729147982
168.0	1.45729147982
168.5	1.49467407407
169.0	1.49467407407
169.5	1.61881922197
170.0	1.61881922197
170.5	1.59649490539
171	1.2462295082
171.5	1.2462295082
172.0	1.2462295082
172.5	1.48236708861
173.0	1.48236708861
173.5	1.38967975831
174.0	1.38967975831
174.5	1.80177454545
175	1.85103743316
175.5	1.8700286533
176.0	1.8700286533
176.5	1.8700286533
177.0	1.8700286533
177.5	2.02629828851
178.0	2.02629828851
178.5	1.92554994512
179	1.97728176796
179.5	2.36249350649
180.0	2.36249350649
180.5	2.00256925419
181.0	2.00256925419
181.5	1.804234375
182.0	1.804234375
182.5	1.77304376013
183	1.91244515103
183.5	1.91244515103
184	1.58930871795
184.5	1.58930871795
185	1.73224636058
185.5	1.73224636058
186.0	1.44386259542
186.5	1.44386259542
187	1.65828108108
187.5	1.65828108108
188	1.49734736842
188.5	1.49734736842
189.0	1.49734736842
189.5	1.51595294118
190.0	1.51595294118
190.5	1.26753858921
191.0	1.26753858921
191.5	1.39040358744
192.0	1.39040358744
192.5	1.4533072407
193.0	1.4533072407
193.5	1.59555447942
194.0	1.59555447942
194.5	1.47840988671
195.0	1.47840988671
195.5	1.54407038123
196.0	1.54407038123
196.5	1.53565990338
197.0	1.53565990338
197.5	1.27916782247
198.0	1.27916782247
198.5	1.30005708013
199.0	1.30005708013
199.5	1.45728128128
200.0	1.45728128128
200.5	1.45728128128
201	1.25638810642
201.5	1.25638810642
202	1.4298832998
202.5	1.4298832998
203	1.40468718967
203.5	1.60130164534
204.0	1.60130164534
204.5	1.60130164534
205	1.26611214953
205.5	1.26611214953
206.0	1.26611214953
206.5	1.09967039106
207.0	1.09967039106
207.5	1.09967039106
208	0.917098651526
208.5	0.917098651526
209	1.85796018377
209.5	1.85796018377
210	1.36847985005
210.5	1.36847985005
211	1.44454754441
211.5	1.44454754441
212.0	1.44454754441
212.5	1.53054841629
213.0	1.53054841629
213.5	1.37230769231
214.0	1.37230769231
214.5	1.30806507177
215.0	1.30806507177
215.5	1.37767244701
216.0	1.37767244701
216.5	2.00240798859
217.0	2.00240798859
217.5	1.83576119403
218	1.67806521739
218.5	1.67806521739
219	1.74855932203
219.5	1.74855932203
220	1.85614775726
220.5	1.85614775726
221	1.60250224215
221.5	1.60250224215
222	1.8764
222.5	1.8764
223	1.13814473684
223.5	1.13814473684
224.0	1.13814473684
224.5	1.34378014184
225.0	1.34378014184
225.5	1.41587704918
226.0	1.41587704918
226.5	1.32264235056
227.0	1.32264235056
227.5	1.59720746432
228.0	1.59720746432
228.5	1.49669145729
229.0	1.49669145729
229.5	1.49669145729
230	1.08705376344
230.5	1.08705376344
231	1.35854689042
231.5	1.35854689042
232	1.97444793153
232.5	1.67297812098
233.0	1.67297812098
233.5	1.67297812098
234	1.76227947598
234.5	2.03282758621
235	2.06163909774
235.5	2.04538116592
236.0	2.04538116592
236.5	2.10057399103
237	2.21857234727
237.5	2.21857234727
238.0	2.21857234727
238.5	2.01417886179
239	1.97796571429
239.5	2.00196319018
240.0	2.00196319018
240.5	2.00196319018
241.0	2.00196319018
241.5	1.63140944882
242.0	1.63140944882
242.5	1.87813276231
243.0	1.87813276231
243.5	1.56739270073
244	2.03632835821
244.5	2.03632835821
245	2.19281333333
245.5	2.19281333333
