0.0	2.11422222222
0.5	2.11422222222
1.0	2.14446943765
1.5	2.14446943765
2	2.20464887064
2.5	1.97016606498
3.0	1.97016606498
3.5	1.7064695201
4.0	1.7064695201
4.5	1.7064695201
5	1.67652994555
5.5	1.98903272727
6.0	1.98903272727
6.5	2.00488
7	2.07162566845
7.5	2.07162566845
8	1.90504433498
8.5	1.90504433498
9	2.10454520167
9.5	2.10846735395
10.0	2.10846735395
10.5	1.99837547893
11.0	1.99837547893
11.5	1.63108860759
12.0	1.63108860759
12.5	1.68771712707
13	2.07051752922
13.5	2.07051752922
14	2.14946454414
14.5	2.42712338858
15	2.75006896552
15.5	2.65923232323
16.0	2.65923232323
16.5	2.64460565724
17	1.97068376068
17.5	1.87397468354
18.0	1.87397468354
18.5	1.93851398136
19	2.64089473684
19.5	2.64089473684
20	2.12134925373
20.5	2.03235632184
21	2.03227842227
21.5	2.03227842227
22	2.00702222222
22.5	2.00702222222
23	2.08022192867
23.5	1.81998873239
24.0	1.81998873239
24.5	1.7184815864
25.0	1.7184815864
25.5	1.95995704698
26.0	1.95995704698
26.5	1.63408037825
27.0	1.63408037825
27.5	1.83234669556
28.0	1.83234669556
28.5	1.29837429112
29.0	1.29837429112
29.5	2.0161179941
30	1.99445467225
30.5	1.99445467225
31	2.06728718704
31.5	2.18013589365
32	2.38888974855
32.5	2.38888974855
33	2.00807785888
33.5	2.00807785888
34	2.10622754491
34.5	2.19912615385
35.0	2.19912615385
35.5	2.30271310116
36	1.99997687861
36.5	1.99997687861
37	2.05948913043
37.5	2.10334246575
38.0	2.10334246575
38.5	2.11579902755
39	2.05516384181
39.5	2.05516384181
40	2.49448576214
40.5	2.71538842975
41	2.92188535032
41.5	2.84791769547
42	2.65829038855
42.5	2.65829038855
43	2.23890152566
43.5	2.23890152566
44	1.7402804428
44.5	1.62970579495
45	2.49245901639
45.5	2.49245901639
46	2.48502917772
46.5	2.45980748663
47	2.8261302682
47.5	2.86069421488
48	2.21986394558
48.5	2.21986394558
49.0	2.21986394558
49.5	2.21986394558
50	2.11148025478
50.5	2.44314206128
51	2.2414697286
51.5	2.2414697286
52	2.24891208791
52.5	2.3041821366
53.0	2.3041821366
53.5	2.50343631436
54	2.59234123223
54.5	2.59811663067
55.0	2.59811663067
55.5	2.29227218935
56	2.14251523546
56.5	2.14251523546
57	2.20257350801
57.5	2.38740856031
58.0	2.38740856031
58.5	1.84302473498
59.0	1.84302473498
59.5	1.5784142539
60.0	1.5784142539
60.5	1.98361558442
61	2.0567827529
61.5	2.0567827529
62	2.03742112483
62.5	2.08203475513
63.0	2.08203475513
63.5	2.1235739645
64	1.8000957265
64.5	1.8000957265
65	1.53417760618
65.5	1.53417760618
66	1.60956369983
66.5	1.67281355932
67.0	1.67281355932
67.5	1.81978
68.0	1.81978
68.5	1.66735617861
69.0	1.66735617861
69.5	2.17991411043
70	2.03528057554
70.5	1.77310121457
71.0	1.77310121457
71.5	1.77310121457
72	1.63550100604
72.5	1.63550100604
73	1.85699056604
73.5	1.92004754829
74	2.00868874172
74.5	2.00868874172
75	1.97854742547
75.5	1.97854742547
76	1.87830434783
76.5	1.87830434783
77	1.7598917794
77.5	1.7598917794
78	1.85381916329
78.5	1.75247179487
79.0	1.75247179487
79.5	2.08762627737
80	1.97981382228
80.5	1.97981382228
81	1.87303553299
81.5	1.87303553299
82	1.94803785489
82.5	2.29255555556
83.0	2.29255555556
83.5	2.18133333333
84	2.02469121813
84.5	2.02469121813
85	1.8415596817
85.5	1.8415596817
86	1.87786160109
86.5	1.87786160109
87	1.56913457557
87.5	1.94633239437
88.0	1.94633239437
88.5	1.91695741557
89.0	1.91695741557
89.5	1.7963654321
90	1.98826168224
90.5	1.98826168224
91	2.36801441441
91.5	1.91405841446
92.0	1.91405841446
92.5	1.83566047745
93.0	1.83566047745
93.5	1.56426474128
94.0	1.56426474128
94.5	1.53737904762
95.0	1.53737904762
95.5	1.45860618557
96.0	1.45860618557
96.5	1.61530486009
97	1.74091603053
97.5	1.74091603053
98	1.40563540885
98.5	1.40563540885
99.0	1.40563540885
99.5	1.42409907121
100.0	1.42409907121
100.5	1.23451046025
101	1.22342716049
101.5	1.05531707317
102.0	0.990349013657
102.5	0.990349013657
103.0	0.990349013657
103.5	0.990349013657
104.0	0.990349013657
104.5	0.990349013657
105.0	0.990349013657
105.5	0.990349013657
106	0.816910793494
106.5	0.816910793494
107.0	0.816910793494
107.5	0.993304643262
108.0	0.993304643262
108.5	0.993304643262
109.0	0.993304643262
109.5	0.993304643262
110	0.528898522167
110.5	0.528898522167
111.0	0.528898522167
111.5	0.528898522167
112.0	0.528898522167
112.5	0.528898522167
113	0.534162479608
113.5	0.534162479608
114.0	0.534162479608
114.5	0.534162479608
115.0	0.534162479608
115.5	0.534162479608
116.0	0.534162479608
116.5	0.534162479608
117.0	0.534162479608
117.5	0.534162479608
118.0	0.534162479608
118.5	0.257775862069
119.0	0.257775862069
119.5	0.257775862069
120.0	0.257775862069
120.5	0.931217741935
121.0	0.931217741935
121.5	0.947158441558
122.0	0.947158441558
122.5	0.947158441558
123	1.0975620438
123.5	1.0975620438
124.0	1.0975620438
124.5	1.15467660209
125.0	1.15467660209
125.5	1.15467660209
126	1.05302654867
126.5	1.05302654867
127.0	1.05302654867
127.5	1.0618722807
128.0	1.0618722807
128.5	1.0618722807
129	0.782108349267
129.5	0.782108349267
130.0	0.782108349267
130.5	0.782108349267
131.0	0.782108349267
131.5	0.782108349267
132	0.554082152975
132.5	0.554082152975
133.0	0.554082152975
133.5	0.554082152975
134	0.697547244094
134.5	0.697547244094
135.0	0.697547244094
135.5	0.697547244094
136	0.987319974144
136.5	0.987319974144
137.0	0.987319974144
137.5	0.827930574099
138.0	0.827930574099
138.5	0.827930574099
139	1.07785195936
139.5	1.07785195936
140	1.25876599809
140.5	1.25876599809
141	1.35683931947
141.5	1.35683931947
142.0	1.35683931947
142.5	1.02938025415
143.0	1.02938025415
143.5	1.14841618497
144.0	1.14841618497
144.5	1.10984356197
145.0	1.10984356197
145.5	1.10984356197
146	1.11626013195
146.5	1.11626013195
147.0	1.11626013195
147.5	0.943502268308
148.0	0.943502268308
148.5	0.943502268308
149	1.20094540015
149.5	1.20094540015
150	1.40306416584
150.5	1.40306416584
151	1.56300552486
151.5	1.56300552486
152	1.32713939394
152.5	1.32713939394
153.0	1.32713939394
153.5	1.1044076087
154.0	1.1044076087
154.5	1.5794663992
155.0	1.5794663992
155.5	1.5794663992
156	1.04041223833
156.5	1.04041223833
157.0	1.04041223833
157.5	0.808832
158.0	0.808832
158.5	0.808832
159	0.937206675225
159.5	0.937206675225
160.0	0.937206675225
160.5	1.17653787234
161.0	1.17653787234
161.5	1.17653787234
162.0	1.17653787234
162.5	0.873582644628
163.0	0.873582644628
163.5	0.873582644628
164	0.858013741412
164.5	0.858013741412
165.0	0.858013741412
165.5	0.98909406657
166.0	0.98909406657
166.5	0.98909406657
167.0	0.98909406657
167.5	0.705487913172
168.0	0.705487913172
168.5	0.705487913172
169.0	0.705487913172
169.5	0.705487913172
170	0.624138728324
170.5	0.624138728324
171.0	0.624138728324
171.5	0.624138728324
172.0	0.624138728324
172.5	0.592038507822
173.0	0.592038507822
173.5	0.592038507822
174.0	0.592038507822
174.5	0.737787335723
175.0	0.737787335723
175.5	0.737787335723
176.0	0.901989071038
176.5	0.901989071038
177.0	0.901989071038
177.5	0.901989071038
178	0.897295918367
178.5	0.897295918367
179.0	0.897295918367
179.5	1.01091371994
180.0	1.01091371994
180.5	1.01091371994
181	0.827988073942
181.5	0.827988073942
182.0	0.827988073942
182.5	0.827988073942
183.0	0.827988073942
183.5	0.700751392405
184.0	0.700751392405
184.5	0.700751392405
185.0	0.700751392405
185.5	0.651109965636
186.0	0.651109965636
186.5	0.651109965636
187.0	0.651109965636
187.5	0.885263292761
188.0	0.885263292761
188.5	0.885263292761
189	0.835219449776
189.5	0.835219449776
190	1.49083606557
190.5	1.49083606557
191	1.59103418803
191.5	1.59103418803
192	1.6827759283
192.5	1.6827759283
193	1.35320353982
193.5	1.35320353982
194	1.49631135135
194.5	1.49631135135
195	1.35973221757
195.5	1.35973221757
196.0	1.35973221757
196.5	1.41849560633
197.0	1.41849560633
197.5	1.2792477396
198.0	1.2792477396
198.5	1.52756545961
199	1.66467153285
199.5	1.66467153285
200.0	1.66467153285
200.5	1.26773477673
201.0	1.26773477673
201.5	1.10484547638
202.0	1.10484547638
202.5	1.10484547638
203.0	1.10484547638
203.5	1.10484547638
204	0.67331811958
204.5	0.886382826476
205	0.793908256881
205.5	0.793908256881
206	0.786313253012
206.5	0.786313253012
207.0	0.786313253012
207.5	0.786313253012
208.0	0.786313253012
208.5	0.786313253012
209	1.1384010989
209.5	1.1384010989
210.0	1.1384010989
210.5	1.1384010989
211	1.08887399131
211.5	1.08887399131
212	0.997828996283
212.5	0.997828996283
213.0	0.997828996283
213.5	0.997828996283
214	0.950759581882
214.5	0.950759581882
215.0	0.950759581882
215.5	0.94517816092
216.0	0.94517816092
216.5	0.94517816092
217	1.14469392813
217.5	1.14469392813
218	1.24314545455
218.5	1.24314545455
219.0	1.24314545455
219.5	1.03700689655
220.0	1.03700689655
220.5	1.24865108783
221.0	1.24865108783
221.5	1.24865108783
222	1.17189090909
222.5	1.17189090909
223	1.46909514563
223.5	1.46909514563
224	1.54161809045
224.5	1.54161809045
225.0	1.54161809045
225.5	1.36300348432
226.0	1.36300348432
226.5	1.20323938879
227.0	1.20323938879
227.5	1.20323938879
228	1.14325149701
228.5	1.14325149701
229	1.14943466172
229.5	1.14943466172
230	1.91649032258
230.5	1.91649032258
231	1.26968015414
231.5	1.26968015414
232.0	1.26968015414
232.5	1.29795298373
233.0	1.29795298373
233.5	1.19801592719
234.0	1.19801592719
234.5	1.28074778405
235.0	1.28074778405
235.5	1.32321377331
236.0	1.32321377331
236.5	1.27349677419
237.0	1.27349677419
237.5	1.25610353753
238.0	1.25610353753
238.5	1.25610353753
239	1.77225607064
239.5	1.97403333333
240.0	1.97403333333
240.5	1.76154420922
241	2.09548325359
241.5	2.09548325359
242.0	2.09548325359
242.5	1.3730472973
243.0	1.3730472973
243.5	1.45270110701
244.0	1.45270110701
244.5	1.23773180077
245.0	1.23773180077
245.5	1.56145173745
246.0	1.56145173745
246.5	1.48693279022
247.0	1.48693279022
247.5	1.73672361809
248.0	1.73672361809
248.5	1.90886681716
249.0	1.90886681716
249.5	1.6752195122
250.0	1.6752195122
250.5	1.18554032958
251.0	1.18554032958
251.5	1.4636888434
252.0	1.4636888434
252.5	1.4636888434
253	1.42796337742
253.5	1.42796337742
254	1.30730912312
254.5	1.30730912312
255.0	1.30730912312
255.5	0.815756935271
256.0	0.815756935271
256.5	0.815756935271
257.0	1.07323797139
257.5	1.07323797139
258.0	1.07323797139
258.5	1.07323797139
259.0	1.07323797139
259.5	0.639527272727
260.0	0.639527272727
260.5	0.639527272727
261.0	0.639527272727
261.5	0.687888354187
262.0	0.687888354187
262.5	0.687888354187
263.0	0.687888354187
263.5	0.687888354187
264	0.689099751861
264.5	0.689099751861
265.0	0.689099751861
265.5	0.820381742739
266.0	0.820381742739
266.5	0.820381742739
267	1.15885626911
267.5	1.15885626911
268	1.33775024201
268.5	1.33775024201
269	1.65246582278
269.5	1.65246582278
270	1.87025192802
270.5	1.97507692308
271.0	1.97507692308
271.5	1.84585393258
272.0	1.84585393258
272.5	1.84585393258
273	1.10361507618
273.5	1.10361507618
274.0	1.10361507618
274.5	1.10361507618
275.0	1.10361507618
275.5	0.566320785597
276.0	0.566320785597
276.5	0.566320785597
277.0	0.566320785597
277.5	0.74836154289
278.0	0.74836154289
278.5	1.28625338645
279.0	1.28625338645
279.5	1.43931637843
280.0	1.43931637843
280.5	1.70574183515
281	1.55672354949
281.5	1.55672354949
282	1.60971821306
282.5	1.60971821306
283	1.55575197294
283.5	1.55575197294
284	1.37487418453
284.5	1.45304398827
285	1.05531707317
285.5	1.05531707317
286	1.10429780034
286.5	1.10429780034
287.0	1.10429780034
287.5	1.10429780034
288.0	1.10429780034
288.5	1.24437837838
289.0	1.24437837838
289.5	1.24437837838
290	1.24057708628
290.5	1.24057708628
291	1.03635521236
291.5	1.03635521236
292.0	1.03635521236
292.5	1.08352614163
293.0	1.08352614163
293.5	1.08352614163
