0.0	2.34617087379
0.5	2.34617087379
1	2.50239087019
1.5	2.12186561265
2.0	2.12186561265
2.5	2.17424701195
3.0	2.17424701195
3.5	1.68894480103
4.0	1.68894480103
4.5	1.93459267016
5	2.14083757339
5.5	2.14083757339
6	1.91854545455
6.5	1.91854545455
7	1.5812
7.5	1.5812
8	1.66511948332
8.5	1.66511948332
9	1.81652821128
9.5	1.81259675037
10.0	1.81259675037
10.5	2.19765168539
11	2.32744827586
11.5	2.32744827586
12	2.33544954128
12.5	1.98121405751
13.0	1.98121405751
13.5	2.24701966717
14	2.18924916944
14.5	2.18924916944
15	2.07148051948
15.5	2.23105084746
16.0	2.23105084746
16.5	1.87873286052
17	1.75672380952
17.5	1.75672380952
18	1.89193610224
18.5	2.25359752322
19.0	2.25359752322
19.5	1.57263858962
20.0	1.57263858962
20.5	1.88752191235
21.0	1.88752191235
21.5	2.03235632184
22	2.06583018868
22.5	2.76948551959
23	2.37874320242
23.5	2.37874320242
24	1.97281221374
24.5	1.97597394137
25.0	1.97597394137
25.5	1.79161717791
26.0	1.79161717791
26.5	1.41352965235
27.0	1.41352965235
27.5	1.41352965235
28	1.16557960028
28.5	1.16557960028
29.0	1.16557960028
29.5	1.32466730955
30.0	1.32466730955
30.5	1.56937772675
31	2.0755065312
31.5	2.74694324853
32.0	2.74694324853
32.5	2.09058356941
33	2.13308462867
33.5	2.13308462867
34	2.36143061516
34.5	2.34884808013
35.0	2.34884808013
35.5	1.99641340782
36.0	1.99641340782
36.5	1.99641340782
37	0.979912491179
37.5	5.76343726236
38	4.20029179331
38.5	2.59017460317
39.0	2.59017460317
39.5	2.73506766917
40	2.80453483992
40.5	3.32721012658
41	3.3484379562
41.5	2.40293055556
42	2.68021443299
42.5	3.05728787879
43.0	3.05728787879
43.5	2.58655941499
44	2.56247191011
44.5	2.56247191011
45	2.51843010753
45.5	2.48192805755
46.0	2.48192805755
46.5	2.54096410256
47	2.48152091255
47.5	2.48152091255
48.0	2.48152091255
48.5	2.48152091255
49	2.29890707351
49.5	2.29890707351
50	1.60933577982
50.5	1.60933577982
51.0	1.60933577982
51.5	0.93606277245
52.0	0.93606277245
52.5	1.7528993576
53	2.12894498382
53.5	2.12894498382
54	2.44706754967
54.5	2.70784158416
55	2.53782278481
55.5	2.53782278481
56	2.27544199706
56.5	2.67166839378
57	2.48467651888
57.5	2.48467651888
58	2.29369719626
58.5	2.50757692308
59	2.48233975482
59.5	2.48233975482
60	2.44773076923
60.5	2.42708414873
61	2.39175523349
61.5	2.39175523349
62	2.38755072464
62.5	2.43724278438
63	2.19386666667
63.5	2.19386666667
64	2.00682828283
64.5	2.1959047619
65.0	2.1959047619
65.5	1.8333622291
66	1.78628711656
66.5	1.78628711656
67	2.31030791367
67.5	2.31030791367
68	1.90268273092
68.5	1.87105820106
69.0	1.75533466934
69.5	1.75533466934
70	1.89695215869
70.5	1.89695215869
71	2.37874320242
71.5	2.91691196388
72	2.85470117647
72.5	2.66941133455
73	2.88607933194
73.5	2.88607933194
74	3.06386956522
74.5	2.86780793319
75	2.87774315789
75.5	3.01692827004
76	2.7850952381
76.5	2.7850952381
77	2.5186894198
77.5	2.73242477876
78	2.63680511182
78.5	2.63680511182
79	2.29146579805
79.5	2.26893968254
80.0	2.26893968254
80.5	1.5725209513
81.0	1.5725209513
81.5	1.6981398773
82	2.07926474623
82.5	2.07926474623
83	1.99984949349
83.5	1.99984949349
84	1.95426347305
84.5	1.89460416667
85.0	1.89460416667
85.5	1.97246092715
86.0	1.97246092715
86.5	1.84326507714
87	1.67015533981
87.5	1.67015533981
88	1.76541836735
88.5	1.76541836735
89	1.92293491124
89.5	1.92293491124
90.0	1.92293491124
90.5	1.16384138428
91.0	1.16384138428
91.5	1.16384138428
92	0.804347924957
92.5	0.804347924957
93.0	0.804347924957
93.5	0.988991884581
94	1.45261146497
94.5	1.45261146497
95.0	1.45261146497
95.5	1.23432938076
96.0	1.23432938076
96.5	1.15380602007
97.0	1.15380602007
97.5	1.15380602007
98	1.18588424437
98.5	1.47906865672
99	1.44830125523
99.5	0.835646606914
100.0	0.835646606914
100.5	0.835646606914
101.0	0.835646606914
101.5	0.835646606914
102.0	0.835646606914
102.5	0.835646606914
103	0.947691252144
103.5	0.947691252144
104.0	0.947691252144
104.5	0.947691252144
105	1.04043653618
105.5	1.04043653618
106	0.801840179238
106.5	0.801840179238
107.0	0.801840179238
107.5	0.801840179238
108.0	0.842185185185
108.5	0.842185185185
109.0	0.842185185185
109.5	0.92915819209
110.0	0.92915819209
110.5	0.92915819209
111.0	0.92915819209
111.5	1.0051882481
112.0	1.0051882481
112.5	1.2347268623
113.0	1.2347268623
113.5	1.64784657534
114.0	1.64784657534
114.5	1.79141734104
115.0	1.79141734104
115.5	1.47323428571
116.0	1.47323428571
116.5	1.47323428571
117	1.36321441441
117.5	1.48383071342
118.0	1.48383071342
118.5	1.48383071342
119	1.54008661417
119.5	1.703625
120.0	1.703625
120.5	2.12727576602
121.0	2.12727576602
121.5	1.81587115666
122.0	1.81587115666
122.5	1.53755693582
123	1.81283081155
123.5	1.81283081155
124	2.03046110325
124.5	2.03046110325
125	1.56938301043
125.5	1.56938301043
126.0	1.56938301043
126.5	0.907714448886
127.0	0.907714448886
127.5	0.907714448886
128.0	0.907714448886
128.5	0.907714448886
129	0.443190773667
129.5	0.443190773667
130.0	0.443190773667
130.5	0.443190773667
131.0	0.443190773667
131.5	0.443190773667
132.0	0.443190773667
132.5	0.443190773667
133	0.279460122699
133.5	0.279460122699
134.0	0.279460122699
134.5	1.08159286776
135.0	1.08159286776
135.5	1.08159286776
136	1.09826538988
136.5	1.09826538988
137.0	1.09826538988
137.5	0.970836065574
138.0	0.970836065574
138.5	0.970836065574
139	1.33571293673
139.5	1.33571293673
140	1.28432844575
140.5	1.28432844575
141.0	1.15954921541
141.5	1.15954921541
142.0	1.15954921541
142.5	1.15954921541
143	1.0920443828
143.5	1.0920443828
144	1.13849515419
144.5	1.13849515419
145	1.4256733255
145.5	1.4256733255
146	1.46603212851
146.5	1.46603212851
147	1.94983356841
147.5	2.22533684211
148.0	2.22533684211
148.5	2.61155893536
149	2.84184615385
149.5	2.67794756554
150	2.71506382979
150.5	2.95781963928
151.0	2.95781963928
151.5	2.54650721649
152	2.18338624339
152.5	2.18338624339
153	2.15460949464
153.5	2.62281100917
154	2.58572811918
154.5	2.58572811918
155	2.37797938144
155.5	2.50957615894
156	2.63720610687
156.5	2.99414678899
157	3.14266954644
157.5	3.36924886878
158	3.23706403941
158.5	3.23706403941
159	3.57645478036
159.5	3.95107598784
160	3.88975421687
160.5	3.79315817694
161	3.14565517241
161.5	3.14565517241
162	3.11765723794
162.5	3.12206334842
163	3.12550847458
163.5	2.984
164	2.9800913242
164.5	2.9800913242
165.0	2.9800913242
165.5	2.9800913242
166.0	2.9800913242
166.5	2.61249297297
167.0	2.61249297297
167.5	2.31421635884
168.0	2.31421635884
168.5	2.04118631179
169	2.02374289246
169.5	2.02374289246
170	2.22620642978
170.5	2.22620642978
171	1.80247414634
171.5	2.43645434298
172.0	1.85065846154
172.5	1.85065846154
173	1.75093333333
173.5	5.44681690141
174	5.44305035971
174.5	5.44305035971
175.0	5.44305035971
175.5	1.03817935702
176.0	1.03817935702
176.5	1.03817935702
177	1.03899601594
177.5	1.03899601594
178.0	1.03899601594
178.5	0.81273853211
179.0	0.81273853211
179.5	0.81273853211
180.0	0.81273853211
180.5	0.911871044776
181.0	0.911871044776
181.5	1.66029451138
182.0	1.66029451138
182.5	1.3417163505
183.0	1.3417163505
183.5	1.43408922742
184.0	1.43408922742
184.5	1.43408922742
185	1.21552582557
185.5	1.49581818182
186.0	1.49581818182
186.5	1.49581818182
187	1.30707894737
187.5	1.92945606695
188	2.06333101045
188.5	2.06333101045
189	2.37491680261
189.5	2.37173412112
190.0	2.37173412112
190.5	1.77663
191.0	1.77663
191.5	1.2595903829
192.0	1.2595903829
192.5	1.74137574553
193	2.00207881773
193.5	2.00207881773
194.0	2.00207881773
194.5	1.46896268657
195	1.92864477612
195.5	2.71420134228
196.0	2.71420134228
196.5	2.63568231047
197	2.61824242424
197.5	2.61824242424
198	1.85648298573
198.5	1.85648298573
199	1.75214285714
199.5	1.78217470665
200.0	1.78217470665
200.5	1.69233609467
201.0	1.69233609467
201.5	1.84695789474
202.0	1.84695789474
202.5	2.1515335277
203	2.48003212851
203.5	2.48003212851
204	1.97681437126
204.5	2.05997071742
205.0	2.05997071742
205.5	2.14629429429
206	2.1695875
206.5	2.1695875
207	2.23945631068
207.5	1.93093503185
208.0	1.93093503185
208.5	1.80404177546
209.0	1.80404177546
209.5	1.91134407028
210	2.2316809816
210.5	2.2316809816
211	2.0857254902
211.5	2.5177164751
212	2.69844705882
212.5	2.36192491468
213.0	2.36192491468
213.5	2.40278003697
214	2.43109638554
214.5	2.43109638554
215	1.82325773196
215.5	1.93097183099
216	2.03625
216.5	2.03625
217	2.73934502924
217.5	2.59389473684
218	2.51747440273
218.5	2.1634
219	2.18274247492
219.5	2.18274247492
220.0	2.18274247492
220.5	3.01914754098
221.0	3.01914754098
221.5	2.4262461964
222	2.12606732673
222.5	2.12606732673
223	2.5501682243
