0.0	1.01964388186
0.5	1.01964388186
1.0	1.01964388186
1.5	1.01964388186
2.0	1.01964388186
2.5	0.859890196078
3.0	0.859890196078
3.5	1.49743933054
4.0	1.49743933054
4.5	1.49743933054
5	0.994658566221
5.5	0.994658566221
6.0	0.994658566221
6.5	1.25662655205
7.0	1.25662655205
7.5	1.55647514743
8.0	1.55647514743
8.5	1.31803373494
9.0	1.31803373494
9.5	1.27293968254
10.0	1.27293968254
10.5	1.27293968254
11	1.34863011314
11.5	1.34863011314
12	1.28266666667
12.5	1.28266666667
13.0	1.28266666667
13.5	1.15245087586
14.0	1.15245087586
14.5	1.48562711864
15.0	1.48562711864
15.5	1.73858666667
16.0	1.73858666667
16.5	1.92061788618
17	2.24946097202
17.5	2.92509433962
18	2.78142322097
18.5	2.78142322097
19	2.67871544715
19.5	1.84753667954
20	2.30428008753
20.5	2.30428008753
21	2.60558688525
21.5	2.27162561576
22	1.93521568627
22.5	1.93521568627
23	1.47499898683
23.5	1.47499898683
24	1.73961430119
24.5	1.73961430119
25.0	1.73961430119
25.5	1.73961430119
26	0.931391874181
26.5	0.931391874181
27	1.48740273396
27.5	1.98619501134
28.0	1.98619501134
28.5	1.8729124424
29.0	1.8729124424
29.5	1.8729124424
30	1.2011655225
30.5	1.70473878628
31.0	1.70473878628
31.5	1.2520619195
32.0	1.2520619195
32.5	2.17935522388
33	2.19782511924
33.5	2.19782511924
34	1.78590918691
34.5	1.78590918691
35	1.74546378653
35.5	1.74546378653
36.0	1.74546378653
36.5	1.74546378653
37	0.82693768905
37.5	1.87913797635
38.0	1.87913797635
38.5	1.80887628866
39.0	1.80887628866
39.5	1.80887628866
40	1.05575965665
40.5	1.05575965665
41	1.77961959654
41.5	1.77961959654
42.0	1.77961959654
42.5	1.04272899558
43.0	1.04272899558
43.5	1.79459183673
44.0	1.79459183673
44.5	1.79459183673
45	1.07073558052
45.5	1.07073558052
46	1.26460473588
46.5	1.26460473588
47.0	1.26460473588
47.5	1.26460473588
48	0.822820451843
48.5	0.822820451843
49.0	0.822820451843
49.5	1.07961823362
50.0	1.07961823362
50.5	1.07961823362
51.0	1.07961823362
51.5	0.706129790496
52.0	0.706129790496
52.5	0.706129790496
53	0.754594219653
53.5	0.754594219653
54.0	0.754594219653
54.5	0.754594219653
55.0	0.754594219653
55.5	0.701231807229
56.0	0.701231807229
56.5	0.701231807229
57.0	0.701231807229
57.5	0.724675425791
58.0	0.724675425791
58.5	0.724675425791
59.0	0.724675425791
59.5	0.756184119678
60.0	0.756184119678
60.5	0.756184119678
61	0.790016073479
61.5	0.790016073479
62.0	0.790016073479
62.5	1.10815692554
63.0	1.10815692554
63.5	1.10815692554
64	1.05683252033
64.5	1.05683252033
65.0	1.05683252033
65.5	1.20466268657
66.0	1.20466268657
66.5	1.04959050445
67.0	1.04959050445
67.5	1.04959050445
68	1.03373421301
68.5	1.47135483871
69.0	1.47135483871
69.5	1.43579463602
70.0	1.43579463602
70.5	1.62730188679
71.0	1.62730188679
71.5	1.50842535787
72	1.34278590786
72.5	1.18542465753
73	1.31846464646
73.5	1.31846464646
74.0	1.31846464646
74.5	1.31846464646
75.0	1.31846464646
75.5	1.31846464646
76	0.943376209448
76.5	0.943376209448
77.0	0.943376209448
77.5	1.52669799826
78.0	1.52669799826
78.5	0.929579220779
79.0	0.929579220779
79.5	0.929579220779
80	1.32032903226
80.5	1.32032903226
81	1.59477333333
81.5	1.59477333333
82	2.16592731536
82.5	1.72278425197
83.0	1.72278425197
83.5	1.72092703863
84.0	1.72092703863
84.5	1.72092703863
85	1.15553765846
85.5	1.15553765846
86	1.35692631579
86.5	1.35692631579
87	1.5315465587
87.5	1.5315465587
88	1.39446363636
88.5	1.39446363636
89.0	1.39446363636
89.5	1.44480886427
90.0	1.44480886427
90.5	1.31730111524
91.0	1.31730111524
91.5	1.31730111524
92.0	1.31730111524
92.5	0.877302699598
93	1.48888355342
93.5	1.48888355342
94.0	1.48888355342
94.5	1.48888355342
95	0.875238656453
95.5	0.875238656453
96	1.17882647585
96.5	1.17882647585
97.0	1.17882647585
97.5	1.17882647585
98	0.97522826087
98.5	0.97522826087
99.0	0.97522826087
99.5	0.718319236016
100.0	0.718319236016
100.5	0.718319236016
101.0	0.718319236016
101.5	0.773058365759
102.0	0.773058365759
102.5	0.903310479922
103.0	0.903310479922
103.5	0.903310479922
104.0	0.903310479922
104.5	0.748642225032
105.0	0.748642225032
105.5	0.748642225032
106.0	0.748642225032
106.5	0.789492407809
107.0	0.789492407809
107.5	0.789492407809
108.0	0.789492407809
108.5	0.787090196078
109.0	0.787090196078
109.5	0.787090196078
110.0	0.787090196078
110.5	0.807100511073
111.0	0.807100511073
111.5	1.11731437599
112.0	1.11731437599
112.5	1.11731437599
113	0.651235687732
113.5	0.651235687732
114.0	0.651235687732
114.5	1.34576821192
115.0	1.34576821192
115.5	1.34576821192
116.0	1.34576821192
116.5	0.839854933333
117.0	0.839854933333
117.5	1.36307172996
118.0	1.36307172996
118.5	1.36307172996
119.0	1.36307172996
119.5	0.679690756303
120.0	0.679690756303
120.5	0.679690756303
121.0	0.679690756303
121.5	0.743466395112
122.0	0.743466395112
122.5	0.743466395112
123.0	0.743466395112
123.5	0.670757884522
124.0	0.670757884522
124.5	0.670757884522
125.0	0.670757884522
125.5	0.670757884522
126	0.697712871287
126.5	0.697712871287
127.0	0.697712871287
127.5	0.697712871287
128	0.86124137931
128.5	0.86124137931
129.0	0.86124137931
129.5	0.86124137931
130.0	0.86124137931
130.5	0.545462090982
131.0	0.545462090982
131.5	0.545462090982
132	0.875703612982
132.5	0.875703612982
133.0	0.875703612982
133.5	0.875703612982
134.0	0.875703612982
134.5	0.587809045226
135.0	0.587809045226
135.5	0.587809045226
136.0	0.587809045226
136.5	0.587809045226
137.0	0.587809045226
137.5	0.57654375
138.0	0.57654375
138.5	0.57654375
139.0	0.57654375
139.5	0.618765531062
140.0	0.618765531062
140.5	0.618765531062
141.0	0.618765531062
141.5	0.618765531062
142.0	0.618765531062
142.5	0.618765531062
143	0.46017284639
143.5	0.46017284639
144.0	0.46017284639
144.5	0.46017284639
145.0	0.46017284639
145.5	0.54639223301
146.0	0.54639223301
146.5	0.54639223301
147.0	0.54639223301
147.5	0.54639223301
148.0	0.54639223301
148.5	0.54639223301
149	0.465613029316
149.5	0.465613029316
150.0	0.465613029316
150.5	0.465613029316
151.0	0.465613029316
151.5	0.465613029316
152.0	0.465613029316
152.5	0.465613029316
153.0	0.465613029316
153.5	0.315361344538
154.0	0.315361344538
154.5	0.315361344538
155.0	0.315361344538
155.5	0.315361344538
156.0	0.315361344538
156.5	0.315361344538
157.0	0.315361344538
157.5	0.315361344538
158	0.324498007034
158.5	0.324498007034
159.0	0.324498007034
159.5	0.324498007034
160.0	0.324498007034
160.5	0.324498007034
161.0	0.324498007034
161.5	0.415624897176
162.0	0.415624897176
162.5	0.415624897176
163.0	0.415624897176
163.5	0.725024134313
164.0	0.725024134313
164.5	0.725024134313
165	0.998048929664
165.5	0.998048929664
166.0	0.998048929664
166.5	0.998048929664
167	0.830985722444
167.5	0.830985722444
168.0	0.830985722444
168.5	1.03849930265
169.0	1.03849930265
169.5	1.03849930265
170	0.885611859838
170.5	0.885611859838
171.0	0.885611859838
171.5	0.885611859838
172	0.713430793157
172.5	0.713430793157
173.0	0.713430793157
173.5	0.987223965763
174.0	0.987223965763
174.5	0.987223965763
175	0.776989838613
175.5	0.776989838613
176.0	0.776989838613
176.5	1.16805209841
177.0	1.16805209841
177.5	1.16805209841
178	1.19295784148
178.5	1.19295784148
179	1.52756545961
179.5	1.52756545961
180	0.510201342282
180.5	0.510201342282
181.0	0.510201342282
181.5	0.510201342282
182	0.889701804368
182.5	0.889701804368
183	1.7968125
183.5	1.7968125
184.0	1.7968125
184.5	0.871376255168
185	1.12867425968
185.5	1.49845887446
186	1.51776744186
186.5	1.51776744186
187.0	1.51776744186
187.5	1.51776744186
188.0	1.51776744186
188.5	1.51776744186
189	1.03659287054
189.5	1.03659287054
190.0	1.03659287054
190.5	1.03659287054
191	0.891349593496
191.5	0.891349593496
192.0	0.891349593496
192.5	0.729391304348
193.0	0.729391304348
193.5	0.729391304348
194.0	0.729391304348
194.5	1.01312376238
195	2.13239546191
195.5	2.13239546191
196.0	2.13239546191
196.5	1.27416275862
197.0	1.27416275862
197.5	1.30389511323
198.0	1.30389511323
198.5	1.24655751295
199.0	1.24655751295
199.5	1.42818064516
200.0	1.42818064516
200.5	1.42818064516
201	1.3799250669
201.5	1.3799250669
202	1.90096482412
202.5	1.90096482412
203	1.3026836518
203.5	1.3026836518
204	1.31379345088
204.5	1.31379345088
205	1.55931353135
205.5	1.55931353135
206.0	1.55931353135
206.5	1.26334491315
207.0	1.26334491315
207.5	1.26334491315
208	1.01326797386
208.5	1.01326797386
209	1.5109664293
209.5	1.5109664293
210	1.63312019827
210.5	1.63312019827
211.0	1.63312019827
211.5	0.851950148368
212.0	0.851950148368
212.5	1.34834314981
213.0	1.34834314981
213.5	1.34834314981
214.0	1.34834314981
214.5	0.918732947977
215.0	0.918732947977
215.5	0.847683823529
216.0	0.847683823529
216.5	0.847683823529
217	0.941456279809
217.5	0.941456279809
218	1.48705209397
218.5	1.48705209397
219	1.28555964772
219.5	1.28555964772
220.0	1.28555964772
220.5	1.19437310924
221.0	1.19437310924
221.5	1.19437310924
222	0.96291354663
222.5	1.54209859155
223.0	1.54209859155
223.5	1.54209859155
224.0	1.54209859155
224.5	1.01924012539
225.0	1.01924012539
225.5	1.01924012539
226.0	1.01924012539
226.5	0.877774804905
227	1.80222036262
227.5	1.80222036262
228	1.77375438596
228.5	1.77375438596
229	1.46898189135
229.5	1.46898189135
230	1.60747906977
230.5	1.60747906977
231	1.75441493776
231.5	1.75441493776
232	1.51955752212
232.5	1.51955752212
233	1.68965142151
233.5	2.09373938507
234.0	2.09373938507
234.5	1.72020588235
235.0	1.72020588235
235.5	1.51379692308
236.0	1.51379692308
236.5	1.78993623188
237.0	1.78993623188
237.5	1.90605080831
238	1.86352317881
238.5	1.86352317881
239	2.0867620438
239.5	2.0867620438
240	2.04798820059
240.5	2.04798820059
241	1.51089956332
241.5	1.51089956332
242	1.11291042584
242.5	1.11291042584
243.0	1.11291042584
243.5	1.31483920076
244.0	1.31483920076
244.5	1.14613520632
245.0	1.14613520632
245.5	1.41818323587
246.0	1.41818323587
246.5	1.41818323587
247	1.59615005359
247.5	1.59615005359
248	1.05055795364
248.5	1.05055795364
249.0	1.05055795364
249.5	1.09049762282
250.0	1.09049762282
250.5	1.09049762282
251	1.02373372781
251.5	1.02373372781
252	1.59693366093
252.5	1.59693366093
253.0	1.59693366093
253.5	1.07976454849
254.0	1.07976454849
254.5	1.66257109283
255	2.00144525547
255.5	1.86171428571
256.0	1.86171428571
256.5	2.01258002148
257	2.45980748663
257.5	2.45980748663
258	1.74584615385
258.5	1.7482020202
259	1.74037333333
259.5	1.74037333333
260.0	1.74037333333
260.5	1.74037333333
261	1.94543661972
261.5	1.94543661972
262	1.9108671024
262.5	1.9108671024
263	1.77172277228
263.5	1.77172277228
264.0	1.77172277228
264.5	1.29015602837
265	1.71536897001
265.5	1.71536897001
266	1.88909611452
266.5	1.88909611452
267	1.5027032967
267.5	1.5027032967
268	1.22124670051
268.5	1.22124670051
269	1.54648303393
269.5	1.54648303393
270.0	1.54648303393
270.5	1.40754868062
271.0	1.40754868062
271.5	1.85437254902
272	2.23114181818
272.5	2.23114181818
273	1.68069602578
273.5	1.68069602578
274	1.65585981308
274.5	1.65585981308
275.0	1.65585981308
275.5	1.65585981308
276.0	1.65585981308
276.5	0.620131546894
277.0	0.620131546894
277.5	1.20881091618
278.0	1.20881091618
278.5	1.20881091618
279	1.15496111975
279.5	1.15496111975
280	1.20358721461
280.5	1.20358721461
281	1.76139386503
281.5	1.76139386503
282	1.82505372617
282.5	1.83534411085
283.0	1.83534411085
283.5	1.83355864811
284	1.73913656388
284.5	1.73913656388
285	1.93336520584
285.5	1.93336520584
286	1.91835603345
286.5	1.91835603345
287	1.43132326284
287.5	1.43132326284
288	1.23323452485
288.5	1.23323452485
289	1.73792063492
289.5	1.73792063492
290	1.57527906977
290.5	1.57527906977
291	1.61510564103
291.5	1.61510564103
292	1.36307172996
292.5	1.36307172996
293	1.52036090226
293.5	1.52036090226
294	1.54515132275
294.5	1.54515132275
295	1.66157692308
295.5	1.66157692308
296	1.5791372549
296.5	1.5791372549
297	1.87661202186
297.5	1.87661202186
298	1.17635800344
298.5	1.17635800344
299.0	1.17635800344
299.5	1.2722633452
300	2.11398795181
300.5	2.11398795181
301.0	1.41646065259
301.5	1.41646065259
302	1.8135917768
302.5	1.8135917768
303.0	1.8135917768
303.5	1.29461960784
304	1.96228730823
304.5	1.96228730823
305	2.25107401575
305.5	2.35744651952
306.0	2.35744651952
306.5	2.24672727273
307.0	2.24672727273
307.5	1.48315459883
308.0	1.48315459883
308.5	1.3036754717
309.0	1.3036754717
309.5	1.52683976608
310.0	1.52683976608
310.5	1.54300742312
311.0	1.54300742312
311.5	1.54300742312
312	1.35505732484
312.5	1.35505732484
313	1.15386128183
313.5	1.15386128183
314.0	1.15386128183
314.5	1.15386128183
