0.0	1.58879421433
0.5	1.58879421433
1.0	1.58879421433
1.5	1.58879421433
2	1.16016931217
2.5	1.16016931217
3	1.66718012422
3.5	2.34221459227
4	2.39651730419
4.5	2.39651730419
5	2.45356706507
5.5	2.59234123223
6	3.11639378238
6.5	2.81741090909
7.0	2.81741090909
7.5	2.3088
8.0	2.3088
8.5	2.05314518318
9	2.25161100917
9.5	2.23213694722
10.0	2.23213694722
10.5	2.05125325615
11.0	2.05125325615
11.5	1.89032673267
12	1.80529839884
12.5	1.80529839884
13	2.10977272727
13.5	2.11545425361
14.0	2.11545425361
14.5	1.79891729323
15	2.04080620155
15.5	2.04080620155
16	1.9335863747
16.5	2.15990632319
17	2.74791647332
17.5	2.74791647332
18	2.07678174037
18.5	2.07678174037
19	1.79003790412
19.5	1.79003790412
20	1.52664232009
20.5	1.52664232009
21.0	1.52664232009
21.5	1.12980830671
22	1.24419318182
22.5	1.24419318182
23.0	1.24419318182
23.5	1.24419318182
24	0.997354601227
24.5	0.997354601227
25.0	0.997354601227
25.5	0.997354601227
26	0.709656602073
26.5	0.709656602073
27.0	0.709656602073
27.5	0.709656602073
28	0.746931791908
28.5	0.746931791908
29.0	0.746931791908
29.5	0.746931791908
30.0	0.746931791908
30.5	0.530497595103
31.0	0.530497595103
31.5	0.530497595103
32.0	0.530497595103
32.5	0.530497595103
33	0.538410029499
33.5	0.538410029499
34.0	0.538410029499
34.5	0.538410029499
35.0	0.538410029499
35.5	0.538410029499
36	0.498892818477
36.5	0.498892818477
37.0	0.498892818477
37.5	0.498892818477
38.0	0.498892818477
38.5	0.652490740741
39.0	0.652490740741
39.5	0.652490740741
40	1.18522864538
40.5	1.18522864538
41.0	1.18522864538
41.5	1.14005671393
42.0	1.14005671393
42.5	1.30357702826
43.0	1.30357702826
43.5	1.23022611744
44.0	1.23022611744
44.5	1.93187434555
45.0	1.93187434555
45.5	1.5342310559
46.0	1.5342310559
46.5	2.03782716049
47.0	2.03782716049
47.5	1.68498203593
48.0	1.68498203593
48.5	1.1237672956
49.0	1.1237672956
49.5	1.1237672956
50.0	1.1237672956
50.5	0.80917016317
51.0	0.80917016317
51.5	1.70231734317
52.0	1.70231734317
52.5	1.83954368932
53.0	1.83954368932
53.5	1.51357721796
54	2.28624868651
54.5	2.45786486486
55.0	2.45786486486
55.5	2.13966666667
56	1.96743712575
56.5	1.96743712575
57	2.34048979592
57.5	2.61642344045
58.0	2.61642344045
58.5	1.46385585586
59.0	1.46385585586
59.5	2.20827359781
60	2.15022492401
60.5	2.25677366255
61	2.715
61.5	2.72341860465
62.0	2.88090187891
62.5	2.88090187891
63.0	3.26550943396
63.5	3.2632
64.0	3.2632
64.5	3.2632
65	3.08661452514
65.5	3.08661452514
66	2.77999366086
66.5	2.32898915401
67	2.31899150142
67.5	2.31899150142
68	2.34108185053
68.5	2.4601011984
69	3.0816
69.5	3.03004534005
70	2.8225428051
70.5	2.8225428051
71	2.29850817236
71.5	2.29850817236
72	2.09290179806
72.5	2.27245925926
73	2.83979673321
73.5	2.91649382716
74	3.14924536082
74.5	2.88427906977
75.0	2.88427906977
75.5	2.56525043178
76	1.8908579627
76.5	1.8908579627
77	1.67898947368
77.5	1.67898947368
78	1.97571482176
78.5	2.54712820513
79	2.08189616253
79.5	2.1301294964
80.0	2.1301294964
80.5	2.43448829431
81.0	2.43448829431
81.5	1.61373266332
82.0	1.61373266332
82.5	1.76999252802
83.0	1.76999252802
83.5	1.53086580087
84	1.99524373576
84.5	1.99524373576
85	1.99961623616
85.5	1.99961623616
86	1.9064503632
86.5	1.75569565217
87.0	1.75569565217
87.5	1.7711649635
88.0	1.7711649635
88.5	1.73210913405
89	2.31951677852
89.5	2.31951677852
90	2.45109565217
90.5	2.43560283688
91	2.52200738007
91.5	2.52200738007
92	2.2274517134
92.5	1.8690918775
93.0	1.8690918775
93.5	2.19635714286
94	1.846122571
94.5	1.846122571
95	2.02781326781
95.5	2.02781326781
96	1.94063448276
96.5	1.94063448276
97	1.72636714976
97.5	1.72061462206
98.0	1.72061462206
98.5	1.75187848101
99	5.17332423208
99.5	5.19509774436
100	2.96019954649
100.5	1.96363832659
101.0	1.96363832659
101.5	1.64371743929
102.0	1.64371743929
102.5	1.64371743929
103	1.2834453125
103.5	2.18099524564
104.0	2.18099524564
104.5	2.28774876033
105	2.52408543689
105.5	2.7593982906
106.0	2.7593982906
106.5	2.25294267516
107	1.82494509151
107.5	1.54616949153
108.0	1.54616949153
108.5	1.77603033175
109	2.17658044164
109.5	2.17658044164
110	1.91838751625
110.5	2.30762666667
111	2.73071129707
111.5	2.73071129707
112.0	2.73071129707
112.5	2.2368582996
113.0	2.2368582996
113.5	2.09328878282
114	2.3597010989
114.5	2.3597010989
115	2.29300840336
115.5	2.26063230241
116.0	2.26063230241
116.5	2.2641372549
117	2.25560412371
117.5	2.25560412371
118	2.21126470588
118.5	2.22002292264
119.0	2.22002292264
119.5	2.06528170895
120.0	2.06528170895
120.5	1.75135185185
121.0	1.75135185185
121.5	1.32519222462
122.0	1.32519222462
122.5	1.32519222462
123	1.20456351039
123.5	1.20456351039
124	1.10218973561
124.5	1.10218973561
125.0	1.10218973561
125.5	1.51827435388
126	1.91100154083
126.5	1.91100154083
127	2.15570391872
127.5	2.47730827068
128	3.08717419355
128.5	3.19107878788
129.0	3.19107878788
129.5	2.06416623377
130	2.43989417989
130.5	3.0446066838
131	2.94105858586
131.5	2.81695438596
132	2.73327692308
132.5	2.6538836773
133	2.43986629526
133.5	2.43986629526
134	2.60945104334
134.5	2.86835701275
135	2.49457915058
135.5	2.41202385686
136.0	2.41202385686
136.5	2.16642136499
137	2.28501157025
137.5	2.28501157025
138	2.56250909091
138.5	2.84995850622
139	3.08561625282
139.5	3.10200433839
140	3.11930666667
140.5	3.13365605096
141	3.20793766234
141.5	3.20793766234
142	3.10270676692
142.5	2.99353191489
143	2.93517864476
143.5	2.92323368421
144	2.86539130435
144.5	2.86539130435
145	2.52630666667
145.5	1.6872967033
146.0	1.6872967033
146.5	1.84125246827
147.0	1.84125246827
147.5	1.84125246827
148	1.18105194805
148.5	1.18105194805
149.0	1.18105194805
149.5	1.05318811881
150.0	1.05318811881
150.5	1.19585805278
151.0	1.19585805278
151.5	1.85974054054
152.0	1.85974054054
152.5	1.52432599119
153	1.99678033794
153.5	1.99678033794
154	2.06954871795
154.5	2.06954871795
155	1.70463614458
155.5	1.70463614458
156	1.62320284698
156.5	1.62320284698
157.0	1.62320284698
157.5	1.72374609016
158.0	1.72374609016
158.5	1.72374609016
159	0.87616
159.5	0.87616
160.0	0.87616
160.5	1.14894080997
161	1.97796571429
161.5	2.00196319018
162.0	2.00196319018
162.5	2.00196319018
163.0	2.00196319018
163.5	2.10344162437
164	2.46027489481
164.5	2.67080597015
165.0	3.41085
165.5	3.30574874372
166.0	3.30574874372
166.5	2.97509822866
167	3.07294382022
167.5	3.09235989717
168	3.458875
168.5	3.69187589499
169	2.48060327869
169.5	2.48060327869
170	2.13785365854
170.5	2.17021914008
171.0	2.17021914008
171.5	2.16399389313
172	2.23301754386
172.5	2.39428571429
173.0	2.39428571429
173.5	3.01886178862
174	2.53447692308
174.5	2.13304011887
175.0	2.13304011887
175.5	2.24054468085
176	1.98180548628
176.5	1.98180548628
177	1.69848987109
177.5	1.69848987109
178	1.34738566553
178.5	1.34738566553
179	1.19623993426
179.5	1.19623993426
180.0	1.19623993426
180.5	1.19623993426
181.0	1.19623993426
181.5	1.19623993426
182	0.572225231646
182.5	0.572225231646
183.0	0.572225231646
183.5	0.572225231646
184	0.843003558719
184.5	0.843003558719
185	1.51772532189
185.5	1.51772532189
186	0.681643579767
186.5	0.681643579767
187.0	0.681643579767
187.5	0.681643579767
188.0	0.681643579767
188.5	0.681643579767
189	0.554085889571
189.5	0.554085889571
190.0	0.554085889571
190.5	1.2875944399
191	2.36665201465
191.5	2.36665201465
192	2.22206593407
192.5	2.22206593407
193	1.71381220657
193.5	1.58900229885
194.0	1.58900229885
194.5	1.58900229885
195	1.53471506352
195.5	1.53471506352
196	1.4414270724
196.5	1.4414270724
197	1.65087922705
197.5	1.65087922705
198	1.84044272844
198.5	1.86165517241
199.0	1.86165517241
199.5	1.54711949686
200.0	1.54711949686
200.5	1.56336202532
201.0	1.56336202532
201.5	2.195
202	2.29895424837
202.5	2.29895424837
203	2.2581864139
203.5	2.00945875543
204.0	2.00945875543
204.5	1.94927323944
205.0	1.94927323944
205.5	1.89947869674
206	2.2216977492
206.5	2.52504448743
207.0	2.52504448743
207.5	2.21469710807
208	2.54565470085
208.5	2.76683789474
209	2.58200375235
209.5	2.58200375235
210	2.53495970696
210.5	2.46661100569
211	2.39502670623
211.5	2.39502670623
212	2.49973144876
212.5	2.74771084337
213.0	2.74771084337
213.5	2.04330643402
214.0	2.04330643402
214.5	2.42096842105
215	3.15597452229
215.5	3.04971962617
216.0	3.04971962617
216.5	3.04971962617
217	3.46759832636
217.5	3.46759832636
218	3.90423272727
218.5	3.87046808511
219	2.83553448276
219.5	2.83553448276
