0.0	0.822955902004
0.5	0.822955902004
1.0	0.822955902004
1.5	0.810947368421
2.0	0.810947368421
2.5	0.810947368421
3.0	0.810947368421
3.5	0.810947368421
4.0	0.810947368421
4.5	0.423268121042
5.0	0.423268121042
5.5	0.423268121042
6.0	0.423268121042
6.5	0.423268121042
7.0	0.423268121042
7.5	0.583205118555
8.0	0.583205118555
8.5	0.583205118555
9.0	0.583205118555
9.5	0.734169909824
10.0	0.734169909824
10.5	0.734169909824
11.0	0.734169909824
11.5	0.885929742389
12.0	0.885929742389
12.5	0.885929742389
13.0	0.885929742389
13.5	0.68022616408
14.0	0.68022616408
14.5	0.68022616408
15	1.07173150685
15.5	1.07173150685
16	1.22507865169
16.5	1.22507865169
17.0	1.22507865169
17.5	1.26230082645
18	1.81056934307
18.5	1.81056934307
19	2.2268065967
19.5	2.58417254902
20.0	2.58417254902
20.5	2.11419145803
21	2.03292664093
21.5	2.03292664093
22	1.76209312639
22.5	1.32321377331
23.0	1.32321377331
23.5	1.67993191489
24.0	1.67993191489
24.5	1.84515082383
25.0	1.84515082383
25.5	1.89794799054
26	1.895072
26.5	1.895072
27	1.84663185379
27.5	1.85574576271
28.0	1.85574576271
28.5	1.78647032967
29.0	1.78647032967
29.5	2.57308496732
30	2.50424806202
30.5	2.24675555556
31.0	2.24675555556
31.5	1.95732975871
32	2.23333117932
32.5	2.23333117932
33	2.38205070423
33.5	1.82185676393
34.0	1.82185676393
34.5	2.20117230274
35.0	1.96162414266
35.5	1.96162414266
36	1.85183113456
36.5	1.85183113456
37	1.96270212766
37.5	2.27450460405
38.0	2.27450460405
38.5	1.74855932203
39.0	1.74855932203
39.5	1.94331491713
40	2.08068704512
40.5	2.08068704512
41	2.11023708207
41.5	2.03527058824
42.0	2.03527058824
42.5	1.89000498753
43.0	1.89000498753
43.5	2.1227281106
44	2.15065568369
44.5	2.15065568369
45	2.04649226442
45.5	2.04649226442
46	1.87321761006
46.5	1.45865482797
47.0	1.45865482797
47.5	1.73763636364
48.0	1.73763636364
48.5	1.73763636364
49	1.19834458874
49.5	1.19834458874
50.0	1.19834458874
50.5	1.19834458874
51.0	1.19834458874
51.5	0.471321247281
52.0	0.471321247281
52.5	0.471321247281
53.0	0.471321247281
53.5	0.471321247281
54.0	0.471321247281
54.5	0.471321247281
55.0	0.471321247281
55.5	0.471321247281
56.0	0.471321247281
56.5	0.3292367938
57.0	0.3292367938
57.5	0.3292367938
58.0	0.3292367938
58.5	0.3292367938
59.0	0.3292367938
59.5	0.534712018141
60.0	0.534712018141
60.5	0.534712018141
61.0	0.534712018141
61.5	0.67536453202
62	0.919596774194
62.5	0.919596774194
63.0	0.919596774194
63.5	0.919596774194
64.0	0.919596774194
64.5	0.7494848
65.0	0.7494848
65.5	0.7494848
66	1.08316483516
66.5	1.08316483516
67	1.22732113145
67.5	1.95074015748
68	1.91239779006
