0.0	0.584735886301
0.5	0.584735886301
1.0	0.584735886301
1.5	0.584735886301
2	0.81031245283
2.5	0.81031245283
3.0	0.81031245283
3.5	0.81031245283
4.0	0.81031245283
4.5	0.81031245283
5.0	0.81031245283
5.5	0.81031245283
6	0.385588318417
6.5	0.385588318417
7.0	0.385588318417
7.5	0.385588318417
8.0	0.385588318417
8.5	0.56106098081
9.0	0.56106098081
9.5	0.56106098081
10.0	0.56106098081
10.5	0.56106098081
11.0	0.56106098081
11.5	0.609546684263
12.0	0.609546684263
12.5	0.609546684263
13.0	0.609546684263
13.5	0.634552204176
14.0	0.634552204176
14.5	0.634552204176
15.0	0.634552204176
15.5	0.634552204176
16.0	0.634552204176
16.5	0.395569878329
17.0	0.395569878329
17.5	0.395569878329
18.0	0.395569878329
18.5	0.395569878329
19.0	0.395569878329
19.5	0.395569878329
20	0.489907050269
20.5	0.489907050269
21.0	0.489907050269
21.5	0.489907050269
22.0	0.489907050269
22.5	0.489907050269
23	0.496118024375
23.5	0.496118024375
24.0	0.496118024375
24.5	0.496118024375
25.0	0.496118024375
25.5	0.496118024375
26	0.544893050054
26.5	0.544893050054
27.0	0.544893050054
27.5	0.544893050054
28	0.60839266237
28.5	0.60839266237
29.0	0.60839266237
29.5	0.60839266237
30	0.776925521351
30.5	0.776925521351
31.0	0.776925521351
31.5	1.04683604136
32.0	1.04683604136
32.5	1.04683604136
33.0	1.04683604136
33.5	1.04683604136
34	0.764074037019
34.5	0.764074037019
35.0	0.764074037019
35.5	0.829591973244
36.0	0.829591973244
36.5	0.829591973244
37.0	0.829591973244
37.5	0.729150711831
38.0	0.729150711831
38.5	0.729150711831
39	0.961289569657
39.5	0.961289569657
40.0	0.961289569657
40.5	0.961289569657
41	0.8399859567
41.5	0.8399859567
42.0	0.8399859567
42.5	0.744209187279
43.0	0.744209187279
43.5	0.744209187279
44.0	0.744209187279
44.5	0.82267494824
45.0	0.82267494824
45.5	0.744975767367
46.0	0.744975767367
46.5	0.744975767367
47.0	0.744975767367
47.5	0.714325693607
48.0	0.714325693607
48.5	0.714325693607
49.0	0.714325693607
49.5	0.750038124678
50.0	0.750038124678
50.5	0.750038124678
51.0	0.750038124678
51.5	0.750038124678
52	0.705476274165
52.5	0.705476274165
53.0	0.705476274165
53.5	0.705476274165
54	0.641672234763
54.5	0.641672234763
55.0	0.641672234763
55.5	0.641672234763
56	0.698528395062
56.5	0.698528395062
57.0	0.698528395062
57.5	0.698528395062
58	0.60911821975
58.5	0.60911821975
59.0	0.60911821975
59.5	0.60911821975
60.0	0.60911821975
60.5	0.60911821975
61	0.555980848153
61.5	0.555980848153
62.0	0.555980848153
62.5	0.555980848153
63.0	0.555980848153
63.5	0.555980848153
64	0.504882334081
64.5	0.504882334081
65.0	0.504882334081
65.5	0.795195076923
66.0	0.795195076923
66.5	0.795195076923
67.0	0.795195076923
67.5	0.687003397508
68.0	0.687003397508
68.5	0.687003397508
69.0	0.687003397508
69.5	0.687003397508
70.0	0.687003397508
70.5	0.486236430236
71.0	0.486236430236
71.5	0.486236430236
72.0	0.486236430236
72.5	0.75132173913
73.0	0.75132173913
73.5	0.75132173913
74.0	0.75132173913
74.5	0.86686622245
75.0	0.86686622245
75.5	0.86686622245
76.0	0.86686622245
76.5	0.734588235294
77.0	0.734588235294
77.5	0.734588235294
78.0	0.734588235294
78.5	0.711941666667
79.0	0.711941666667
79.5	0.711941666667
80.0	0.711941666667
80.5	0.711941666667
81	0.672003759398
81.5	0.672003759398
82.0	0.672003759398
82.5	0.672003759398
83	0.766205240175
83.5	0.766205240175
84.0	0.766205240175
84.5	0.815443093923
85.0	0.815443093923
85.5	0.815443093923
86.0	0.815443093923
86.5	0.686905450501
87.0	0.686905450501
87.5	0.686905450501
88.0	0.686905450501
88.5	0.686905450501
89	0.695006315789
89.5	0.695006315789
90.0	0.695006315789
90.5	0.695006315789
91	0.729751037344
91.5	0.729751037344
92.0	0.729751037344
92.5	0.729751037344
93.0	0.729751037344
93.5	0.68492189746
94.0	0.68492189746
94.5	0.68492189746
95	0.795266895762
95.5	0.795266895762
96.0	0.795266895762
96.5	0.795266895762
97	0.759596048299
97.5	0.759596048299
98.0	0.759596048299
98.5	0.759596048299
99.0	0.759596048299
99.5	0.759596048299
100	0.578985485103
100.5	0.578985485103
101.0	0.578985485103
101.5	0.810021101993
102.0	0.810021101993
102.5	0.810021101993
103.0	0.810021101993
103.5	0.80384729064
104.0	0.80384729064
104.5	0.80384729064
105.0	0.80384729064
105.5	0.765416096791
106.0	0.765416096791
106.5	0.765416096791
107.0	0.765416096791
107.5	0.798075026795
108.0	0.798075026795
108.5	0.798075026795
109	0.807277641278
109.5	0.807277641278
110.0	0.807277641278
110.5	0.807277641278
111	0.731247608927
111.5	0.731247608927
112.0	0.731247608927
112.5	0.731247608927
113	0.689974077767
113.5	0.689974077767
114.0	0.689974077767
114.5	0.689974077767
115.0	0.689974077767
115.5	0.538485501243
116.0	0.538485501243
116.5	0.538485501243
117.0	0.538485501243
117.5	0.538485501243
118	0.732085260771
118.5	0.732085260771
119.0	0.732085260771
119.5	0.732085260771
120	0.799349152542
120.5	0.799349152542
121.0	0.799349152542
121.5	0.734622906899
122	0.71046728972
122.5	0.71046728972
123.0	0.71046728972
123.5	0.71046728972
124	1.00144949225
124.5	1.00144949225
125.0	1.00144949225
125.5	0.900164383562
126.0	0.900164383562
126.5	0.900164383562
127.0	0.900164383562
127.5	0.79143776824
128.0	0.79143776824
128.5	0.777846153846
129	0.808747663551
129.5	0.808747663551
130	0.866719787517
130.5	0.866719787517
131.0	0.866719787517
131.5	0.866719787517
132.0	0.866719787517
132.5	0.866719787517
133.0	0.866719787517
133.5	0.866719787517
134	0.84480733945
134.5	0.84480733945
135.0	0.84480733945
135.5	0.84480733945
136	0.926664553619
136.5	0.926664553619
137.0	0.926664553619
137.5	0.926664553619
138	0.52527592955
138.5	0.52527592955
139.0	0.52527592955
139.5	0.52527592955
140	0.795533527697
140.5	0.795533527697
141.0	0.795533527697
141.5	0.936432740214
142.0	0.936432740214
142.5	0.936432740214
143.0	0.936432740214
143.5	0.988515783842
144.0	0.988515783842
144.5	0.988515783842
145	0.96046356453
145.5	0.96046356453
146	1.02814358974
146.5	1.02814358974
147.0	1.02814358974
147.5	1.02814358974
148	0.929002398082
148.5	0.929002398082
149.0	0.929002398082
149.5	0.909938823529
150.0	0.909938823529
150.5	0.909938823529
151.0	0.994197109067
151.5	0.994197109067
152.0	0.994197109067
152.5	0.899653958944
153.0	0.899653958944
153.5	0.899653958944
154.0	0.899653958944
154.5	0.899653958944
155.0	0.899653958944
155.5	0.583200894521
156.0	0.583200894521
156.5	0.583200894521
157	1.02119308357
157.5	1.02119308357
158.0	1.02119308357
158.5	1.02119308357
159.0	1.02119308357
159.5	0.582304231796
160.0	0.582304231796
160.5	0.582304231796
161	1.03181364393
161.5	1.03181364393
162.0	1.03181364393
162.5	1.1825477707
163.0	1.1825477707
163.5	1.1825477707
164	0.997674489023
164.5	0.997674489023
165	1.20836363636
165.5	1.20836363636
166	1.31796745932
166.5	1.31796745932
167	1.33788552189
167.5	1.33788552189
168	1.22318302387
168.5	1.22318302387
169	1.248
169.5	1.248
170.0	1.248
170.5	1.09378211871
171.0	1.09378211871
171.5	1.09378211871
172	1.1902624166
172.5	1.1902624166
173.0	1.1902624166
173.5	1.0166695279
174.0	1.0166695279
174.5	1.0166695279
175	1.00677580071
175.5	1.00677580071
176	1.05277884615
176.5	1.05277884615
177.0	1.05277884615
177.5	0.99857985258
178.0	0.99857985258
178.5	0.99857985258
179.0	0.99857985258
179.5	0.99857985258
180	0.652601740572
180.5	0.652601740572
181.0	0.652601740572
181.5	0.652601740572
182.0	0.652601740572
182.5	0.511556611243
183.0	0.511556611243
183.5	0.511556611243
184.0	0.511556611243
184.5	0.511556611243
185	0.638887835703
185.5	0.638887835703
186.0	0.638887835703
186.5	0.638887835703
187.0	0.638887835703
187.5	0.638887835703
188	0.489824890976
188.5	0.489824890976
189.0	0.489824890976
189.5	0.489824890976
190.0	0.489824890976
190.5	0.489824890976
191.0	0.489824890976
191.5	0.420575600852
192.0	0.420575600852
192.5	0.420575600852
193.0	0.420575600852
193.5	0.420575600852
194.0	0.420575600852
194.5	0.420575600852
195.0	0.420575600852
195.5	0.413408946468
196.0	0.413408946468
196.5	0.413408946468
197.0	0.413408946468
197.5	0.413408946468
198.0	0.413408946468
198.5	0.413408946468
199	0.42568329718
199.5	0.42568329718
200.0	0.42568329718
200.5	0.852731129133
201.0	0.852731129133
201.5	0.852731129133
202	1.03400144613
202.5	1.03400144613
203.0	1.03400144613
203.5	0.86487245841
204.0	0.86487245841
204.5	0.86487245841
205.0	0.86487245841
205.5	0.86487245841
206.0	0.86487245841
206.5	0.522460884956
207.0	0.522460884956
207.5	0.522460884956
208.0	0.522460884956
208.5	0.522460884956
209.0	0.522460884956
209.5	0.496006425703
210.0	0.496006425703
210.5	0.496006425703
211.0	0.496006425703
211.5	0.496006425703
212.0	0.496006425703
212.5	0.496006425703
213	0.427959554058
213.5	0.427959554058
214.0	0.427959554058
214.5	0.427959554058
215	0.792207207207
215.5	0.792207207207
216.0	0.792207207207
216.5	1.31381617647
217.0	1.31381617647
217.5	1.31381617647
218	0.928165775401
218.5	0.928165775401
219.0	1.11431884058
219.5	1.11431884058
220.0	1.11431884058
220.5	1.11431884058
221	0.99919841793
221.5	0.99919841793
222.0	0.99919841793
222.5	0.982157782516
223.0	0.982157782516
223.5	1.20539981533
224.0	1.20539981533
224.5	1.39506807287
225.0	1.39506807287
225.5	1.54482157676
226.0	1.54482157676
226.5	1.54482157676
227	1.21240590406
227.5	1.21240590406
228.0	1.21240590406
228.5	1.01191764706
229.0	1.01191764706
229.5	1.25030532972
230.0	1.25030532972
230.5	1.25030532972
231	1.07965448505
231.5	1.07965448505
232	1.34632860717
232.5	1.34632860717
233.0	1.34632860717
233.5	1.3816875
234.0	1.26796763006
234.5	1.26796763006
235	0.785060240964
235.5	0.785060240964
236.0	0.785060240964
236.5	0.785060240964
237	0.991382010582
237.5	0.991382010582
238.0	0.991382010582
238.5	1.09346434231
239.0	1.09346434231
239.5	1.09346434231
240	1.02804181185
240.5	1.0112
241	0.790283105023
241.5	0.880755735493
242.0	0.880755735493
242.5	0.880755735493
243.0	0.880755735493
243.5	0.880755735493
244.0	0.880755735493
244.5	0.880755735493
245.0	0.880755735493
245.5	0.846965763924
246.0	0.846965763924
246.5	0.846965763924
247	1.11235003171
247.5	1.11235003171
248	0.940985100789
248.5	0.940985100789
249.0	0.940985100789
249.5	1.16859957173
250.0	1.16859957173
250.5	1.16859957173
251	1.1342137931
251.5	1.1342137931
252.0	1.1342137931
252.5	1.1342137931
253	1.02243276148
253.5	1.02243276148
254	1.11972159672
254.5	1.11972159672
255.0	1.11972159672
255.5	0.804634113712
256.0	0.804634113712
256.5	0.804634113712
257	1.18107926829
257.5	1.18107926829
258.0	1.18107926829
258.5	1.24348553055
259.0	1.24348553055
259.5	1.24348553055
260	1.04935367545
260.5	1.04935367545
261	1.04793168232
261.5	1.04793168232
262.0	1.04793168232
262.5	1.04793168232
263	0.963502463054
263.5	0.963502463054
264.0	0.963502463054
264.5	0.795407407407
265.0	0.795407407407
265.5	0.795407407407
266.0	0.795407407407
266.5	0.926248635537
267.0	0.926248635537
267.5	1.12646684832
268.0	1.12646684832
268.5	1.12646684832
269	1.13814559387
269.5	1.13814559387
270.0	1.13814559387
270.5	1.03448037677
271.0	1.03448037677
271.5	1.22381585678
272.0	1.22381585678
272.5	1.10037199582
273.0	1.10037199582
273.5	1.10037199582
274.0	1.10037199582
274.5	0.835650893796
275.0	0.835650893796
275.5	1.09016548463
276.0	1.09016548463
276.5	1.09016548463
277	0.937729216152
277.5	0.937729216152
278.0	0.937729216152
278.5	1.18359674797
279.0	1.18359674797
279.5	1.18359674797
280.0	1.18359674797
280.5	0.818381243629
281.0	0.818381243629
281.5	0.818381243629
282.0	0.818381243629
282.5	0.818381243629
283	0.601737510584
283.5	0.601737510584
284.0	0.601737510584
284.5	0.601737510584
285.0	0.601737510584
285.5	0.601737510584
286.0	0.601737510584
286.5	0.601737510584
287	0.340601974476
287.5	0.340601974476
288.0	0.340601974476
288.5	0.340601974476
289	0.557195928753
289.5	0.557195928753
290.0	0.557195928753
290.5	0.557195928753
291.0	0.557195928753
291.5	0.557195928753
292.0	0.557195928753
292.5	0.429848757271
293.0	0.429848757271
293.5	0.429848757271
294.0	0.429848757271
294.5	0.429848757271
295.0	0.429848757271
295.5	0.600582761251
296.0	0.600582761251
296.5	0.600582761251
297	0.7342
297.5	0.7342
298.0	0.7342
298.5	0.7342
299	0.829287764867
299.5	0.829287764867
300.0	0.829287764867
300.5	0.829287764867
301.0	0.829287764867
