0.0	0.771446448524
0.5	0.771446448524
1.0	0.771446448524
1.5	0.771446448524
2.0	0.771446448524
2.5	0.771446448524
3	0.664460606061
3.5	0.664460606061
4	1.60009538003
4.5	1.60009538003
5.0	1.60009538003
5.5	1.2328373494
6.0	1.2328373494
6.5	1.2328373494
7.0	1.2328373494
7.5	1.2328373494
8	0.744167420814
8.5	0.744167420814
9.0	0.744167420814
9.5	0.744167420814
10	0.939743641913
10.5	0.939743641913
11	1.69083153014
11.5	1.69083153014
12	1.17934117647
12.5	1.17934117647
13.0	1.17934117647
13.5	1.18741455939
14.0	1.18741455939
14.5	1.18741455939
15.0	1.18741455939
15.5	1.18741455939
16	0.641599336375
16.5	0.641599336375
17.0	0.641599336375
17.5	0.641599336375
18.0	0.641599336375
18.5	0.558364575646
19.0	0.558364575646
19.5	0.558364575646
20	0.79374385511
20.5	0.79374385511
21.0	0.79374385511
21.5	0.79374385511
22.0	0.79374385511
22.5	0.79374385511
23.0	0.79374385511
23.5	0.486696111975
24.0	0.486696111975
24.5	0.486696111975
25.0	0.486696111975
25.5	0.486696111975
26.0	0.486696111975
26.5	0.486696111975
27	0.423488497162
27.5	0.423488497162
28.0	0.423488497162
28.5	0.423488497162
29.0	0.423488497162
29.5	0.423488497162
30.0	0.423488497162
30.5	0.423488497162
31	0.396929313929
31.5	0.396929313929
32.0	0.396929313929
32.5	0.755322777101
33.0	0.755322777101
33.5	0.755322777101
34.0	0.755322777101
34.5	0.755322777101
35.0	0.755322777101
35.5	0.506921501706
36.0	0.506921501706
36.5	0.506921501706
37.0	0.506921501706
37.5	0.506921501706
38.0	0.506921501706
38.5	0.506921501706
39	0.444645074224
39.5	0.444645074224
40.0	0.444645074224
40.5	0.444645074224
41.0	0.444645074224
41.5	0.444645074224
42	0.435803278689
42.5	0.435803278689
43.0	0.435803278689
43.5	0.435803278689
44.0	0.435803278689
44.5	0.495789077213
45.0	0.495789077213
45.5	0.495789077213
46	1.08938176833
46.5	1.08938176833
47	1.20717277487
47.5	1.20717277487
48	1.34432690125
48.5	1.34432690125
49	1.25610353753
49.5	1.25610353753
50.0	1.25610353753
50.5	1.21182188679
51.0	1.21182188679
51.5	1.28045405405
52.0	1.28045405405
52.5	1.28045405405
53	1.4703950104
53.5	2.03227842227
54.0	1.89695215869
54.5	1.89695215869
55	2.00602292994
55.5	2.41531214953
56.0	2.41531214953
56.5	2.27626266417
57.0	2.27626266417
57.5	1.25443986254
58.0	1.25443986254
58.5	1.25443986254
59.0	1.25443986254
59.5	1.25443986254
60.0	1.25443986254
60.5	0.484044817927
61.0	0.484044817927
61.5	0.484044817927
62.0	0.484044817927
62.5	0.484044817927
63	0.774739349519
63.5	0.774739349519
64.0	0.774739349519
64.5	0.97011299435
65.0	0.97011299435
65.5	0.97011299435
66	1.07547442958
66.5	1.07547442958
67	1.04381313869
67.5	1.04381313869
68.0	1.04381313869
68.5	1.31431460674
69.0	1.31431460674
69.5	1.31431460674
70	1.04455201699
70.5	1.04455201699
71.0	1.04455201699
71.5	0.765214374226
72.0	0.765214374226
72.5	0.765214374226
73.0	0.765214374226
73.5	1.03879169289
74.0	1.03879169289
74.5	1.3088
75.0	1.3088
75.5	1.3088
76.0	0.835436586791
76.5	0.835436586791
77.0	0.835436586791
77.5	0.835436586791
78	0.949101845523
78.5	0.949101845523
79.0	0.949101845523
79.5	0.949101845523
80.0	0.949101845523
80.5	0.949101845523
81	0.485267882188
81.5	0.485267882188
82.0	0.485267882188
82.5	0.485267882188
83	0.78782952183
83.5	0.78782952183
84	1.15350250417
84.5	1.15350250417
85	1.52327654609
85.5	1.52327654609
86	1.58502832244
86.5	1.58502832244
87	1.8661754386
87.5	2.19041333333
88.0	2.19041333333
88.5	2.08516363636
89	2.20045786963
89.5	2.49023754789
90.0	2.49023754789
90.5	1.7661356674
91.0	1.7661356674
91.5	1.78642424242
92.0	1.78642424242
92.5	1.683099631
93.0	1.683099631
93.5	1.683099631
94	1.37975846834
94.5	1.37975846834
95.0	1.37975846834
95.5	1.22011671088
96.0	1.22011671088
96.5	1.30206531333
97	1.36498071625
97.5	1.40139271255
98	1.31315895372
98.5	1.31315895372
99.0	1.31315895372
99.5	1.31315895372
100.0	1.31315895372
100.5	1.31315895372
101	1.06250769231
101.5	1.06250769231
102.0	1.06250769231
102.5	1.06250769231
103	0.885500252398
103.5	0.885500252398
104.0	0.885500252398
104.5	0.889531068766
105.0	0.889531068766
105.5	0.889531068766
106	1.05354440154
106.5	1.05354440154
107.0	1.05354440154
107.5	1.05354440154
108	0.865015121631
108.5	0.865015121631
109.0	0.865015121631
109.5	0.865015121631
110	0.9021171875
110.5	0.9021171875
111	1.12432476876
111.5	1.12432476876
112	1.5663125
112.5	1.5663125
113.0	1.5663125
113.5	1.5663125
114	0.778681407035
114.5	0.778681407035
115.0	0.778681407035
115.5	0.778681407035
116	0.724541451991
116.5	0.724541451991
117.0	0.724541451991
117.5	0.724541451991
118	0.871640552995
118.5	0.871640552995
119	1.17993076923
119.5	1.17993076923
120.0	1.17993076923
120.5	1.17993076923
121.0	1.17993076923
121.5	0.706742547425
122.0	0.706742547425
122.5	0.706742547425
123.0	0.706742547425
123.5	0.706742547425
124.0	0.706742547425
124.5	0.706742547425
125.0	0.706742547425
125.5	0.706742547425
126	0.328333564976
126.5	0.328333564976
127.0	0.328333564976
127.5	0.328333564976
128.0	0.328333564976
128.5	0.328333564976
129.0	0.328333564976
129.5	0.328333564976
130.0	0.328333564976
130.5	0.328333564976
131.0	0.328333564976
131.5	0.269617652251
132.0	0.269617652251
132.5	0.269617652251
133.0	0.269617652251
133.5	0.269617652251
134.0	0.269617652251
134.5	0.269617652251
135.0	0.269617652251
135.5	0.269617652251
136	0.286694405918
136.5	0.286694405918
137.0	0.286694405918
137.5	0.286694405918
138.0	0.286694405918
138.5	0.286694405918
139.0	0.286694405918
139.5	0.286694405918
140.0	0.286694405918
140.5	0.286694405918
141.0	0.286694405918
141.5	0.287566311713
142.0	0.287566311713
142.5	0.287566311713
143.0	0.287566311713
143.5	0.287566311713
144.0	0.287566311713
144.5	0.287566311713
145.0	0.287566311713
145.5	0.287566311713
146.0	0.287566311713
146.5	0.287566311713
147	0.246387736025
147.5	0.246387736025
148.0	0.246387736025
148.5	0.246387736025
149.0	0.246387736025
149.5	0.246387736025
150.0	0.246387736025
150.5	0.246387736025
151.0	0.246387736025
151.5	0.246387736025
152.0	0.246387736025
152.5	0.277935333979
153.0	0.277935333979
153.5	0.277935333979
154.0	0.277935333979
154.5	0.277935333979
155.0	0.277935333979
155.5	0.277935333979
156.0	0.277935333979
156.5	0.260786527984
157.0	0.260786527984
157.5	0.260786527984
158.0	0.260786527984
158.5	0.260786527984
159.0	0.260786527984
159.5	0.260786527984
160.0	0.260786527984
160.5	0.260786527984
161.0	0.260786527984
161.5	0.260786527984
162	0.295648809524
162.5	0.295648809524
163.0	0.295648809524
163.5	0.295648809524
164.0	0.295648809524
164.5	0.295648809524
165.0	0.295648809524
165.5	0.287852684145
166.0	0.287852684145
166.5	0.287852684145
167.0	0.287852684145
167.5	0.287852684145
168.0	0.287852684145
168.5	0.287852684145
169.0	0.287852684145
169.5	0.301822629969
170.0	0.301822629969
170.5	0.301822629969
171.0	0.301822629969
171.5	0.301822629969
172.0	0.301822629969
172.5	0.301822629969
173.0	0.301822629969
173.5	0.301822629969
174.0	0.301822629969
174.5	0.298141306574
175.0	0.298141306574
175.5	0.298141306574
176.0	0.298141306574
176.5	0.298141306574
177.0	0.298141306574
177.5	0.298141306574
178.0	0.298141306574
178.5	0.298141306574
179.0	0.298141306574
179.5	0.298141306574
180.0	0.298141306574
180.5	0.290197722754
181.0	0.290197722754
181.5	0.290197722754
182.0	0.290197722754
182.5	0.290197722754
183.0	0.290197722754
183.5	0.290197722754
184.0	0.290197722754
184.5	0.290197722754
185.0	0.290197722754
185.5	0.308175195143
186.0	0.308175195143
186.5	0.308175195143
187.0	0.308175195143
187.5	0.713683148335
188.0	0.713683148335
188.5	1.03781042654
189.0	1.03781042654
189.5	1.33581594084
190.0	1.33581594084
190.5	1.55759446093
191.0	1.55759446093
191.5	2.04784786054
192	2.19393851718
192.5	2.19393851718
193	2.16642136499
193.5	2.24785691057
194.0	2.24785691057
194.5	2.05000727273
195.0	2.05000727273
195.5	1.93203938115
196	2.01909601182
196.5	2.75004615385
197.0	2.75004615385
197.5	1.9882266289
198.0	1.9882266289
198.5	1.96009561753
199	2.41221875
199.5	2.98488245931
200	2.8890349076
200.5	2.65200742115
201.0	2.65200742115
201.5	3.17742791762
202	3.47734673367
202.5	3.77567213115
203	3.1685631068
203.5	3.1685631068
204	2.78213384321
204.5	3.27298461538
205	3.34414249364
205.5	2.99175652174
206	2.96378586724
206.5	3.78980758017
207	3.79823058824
207.5	3.39292086331
208	3.23489361702
208.5	3.25862956522
209.0	3.25862956522
209.5	3.13625454545
210	3.0968
210.5	3.06403755869
211.0	3.06403755869
211.5	3.06403755869
212	3.08661452514
212.5	3.39956589147
213	3.13021574344
213.5	3.13021574344
214	2.77023350254
214.5	2.53993822394
215.0	2.53993822394
215.5	2.30079202989
216	2.02962523191
216.5	1.89736277603
217.0	1.89736277603
217.5	1.95406809584
218.0	1.95406809584
218.5	2.00115912031
219.0	2.00115912031
219.5	1.95499741602
220	1.83153432836
220.5	1.83153432836
221	1.97566666667
221.5	1.97566666667
222	1.6016
222.5	1.6016
223.0	1.6016
223.5	1.08710604982
224	2.1990070922
224.5	2.80241509434
225.0	2.80241509434
225.5	2.81608547009
226	2.81477647059
226.5	2.66596455696
227	2.62712066116
227.5	2.45941333333
228	2.19324444444
228.5	2.19324444444
229.0	2.19324444444
229.5	1.06187016776
230.0	1.06187016776
230.5	1.06187016776
231.0	1.06187016776
231.5	1.06187016776
232	0.779448543689
232.5	0.779448543689
233	1.42844623116
233.5	4.70920430108
234	4.59233898305
234.5	4.59233898305
235.0	4.59233898305
235.5	1.34592136752
236	1.56250544135
236.5	1.56250544135
237	2.00205940594
237.5	2.00205940594
238	1.30839426523
238.5	1.30839426523
239	1.38381581582
239.5	1.38381581582
240	2.07261764706
240.5	2.07261764706
241	1.88175342466
241.5	2.26312582781
242.0	2.26312582781
242.5	1.91949530201
243.0	1.91949530201
243.5	1.66511032028
244.0	1.66511032028
244.5	1.60604134929
245.0	1.60604134929
245.5	1.64018061089
246.0	1.64018061089
246.5	1.46723555556
247.0	1.46723555556
247.5	1.74560794045
248	2.49900699301
248.5	2.60513320826
249.0	2.60513320826
249.5	2.53476923077
250	2.45272491909
250.5	2.45272491909
251	2.07803909774
251.5	2.38220437956
252	2.29504100946
252.5	2.29504100946
253.0	2.29504100946
253.5	1.39438951311
254.0	1.39438951311
254.5	0.983718562874
255.0	0.983718562874
255.5	0.983718562874
256.0	0.983718562874
256.5	0.983718562874
257	0.611648
257.5	0.611648
258.0	0.611648
258.5	0.611648
259	0.790455739577
259.5	0.790455739577
260.0	0.790455739577
260.5	0.868919786096
261.0	0.868919786096
261.5	0.868919786096
262.0	0.868919786096
262.5	0.940156086197
263.0	0.940156086197
263.5	1.31369359331
264.0	1.31369359331
264.5	1.20130558598
265	1.19716535433
265.5	1.19716535433
266.0	1.19716535433
266.5	1.19716535433
267.0	1.19716535433
267.5	0.830914412417
268.0	0.830914412417
268.5	1.31926577438
269.0	1.31926577438
269.5	1.31926577438
270.0	1.31926577438
270.5	0.765563051375
271.0	0.765563051375
271.5	0.763463790447
272	1.06179141104
272.5	0.889155313351
273.0	0.889155313351
273.5	0.889155313351
274.0	0.889155313351
274.5	0.889155313351
275.0	0.889155313351
275.5	0.889155313351
276.0	0.889155313351
276.5	0.774176553013
277.0	0.774176553013
277.5	0.774176553013
278.0	0.774176553013
278.5	0.774176553013
279	0.798805100182
279.5	0.798805100182
280.0	0.798805100182
280.5	0.644069586083
281.0	0.644069586083
281.5	0.644069586083
282.0	0.644069586083
282.5	0.644069586083
283	0.705693103448
283.5	0.705693103448
284.0	0.705693103448
284.5	0.705693103448
285	0.746701475596
285.5	0.746701475596
286.0	0.746701475596
286.5	0.746701475596
287.0	0.746701475596
287.5	0.699294473883
288.0	0.699294473883
288.5	1.06004651163
289.0	1.06004651163
289.5	1.06004651163
290	1.22124670051
290.5	1.22124670051
291	1.35452447552
291.5	1.35452447552
292.0	1.35452447552
292.5	1.26174225122
293.0	1.26174225122
293.5	1.24643163097
294.0	1.24643163097
294.5	1.24643163097
295	1.06336915078
295.5	1.06336915078
296	1.24283399523
296.5	1.24283399523
297.0	1.24283399523
297.5	1.42025651303
298.0	1.42025651303
298.5	1.50481182266
299.0	1.50481182266
299.5	1.67373819163
300.0	1.67373819163
300.5	1.6466518847
301	1.78098378378
301.5	1.78098378378
302	2.12043722304
302.5	1.8638159292
303.0	1.8638159292
303.5	1.8638159292
304	1.12088011283
304.5	1.12088011283
305.0	1.12088011283
305.5	0.737824
306.0	0.737824
306.5	0.737824
307.0	0.737824
307.5	0.596650881612
308.0	0.596650881612
308.5	0.596650881612
309	1.17310556003
309.5	1.17310556003
310	1.36536054422
310.5	1.36536054422
311.0	1.36536054422
311.5	1.17852736318
312.0	1.17852736318
312.5	1.17852736318
313	1.06434913469
