0.0	2.25005214153
0.5	2.25005214153
1	3.16067747748
1.5	3.36571786834
2	2.8773427065
2.5	2.58484872299
3.0	2.58484872299
3.5	2.61690651558
4	2.36278185745
4.5	2.36331630648
5	3.76110679612
5.5	3.51567272727
6.0	3.51567272727
6.5	2.91554527938
7	2.97846601942
7.5	3.08017322835
8.0	3.08017322835
8.5	1.57490666667
9.0	1.57490666667
9.5	1.71039641657
10.0	1.71039641657
10.5	1.11132616487
11	3.01273833671
11.5	3.01273833671
12	2.81008102345
12.5	2.42899492386
13	2.3297699115
13.5	2.3297699115
14	2.24176022567
14.5	1.96229787234
15	2.26021374046
15.5	2.41030463576
16.0	2.41030463576
16.5	2.30367862267
17	2.63204444444
17.5	2.63204444444
18.0	2.63204444444
18.5	0.974187327824
19	3.35598467433
19.5	3.32451533742
20	2.68724914676
20.5	2.68724914676
21.0	2.68724914676
21.5	0.977452344932
22	2.85470117647
22.5	2.90870119522
23.0	2.90870119522
23.5	3.17071559633
24	2.45822093023
24.5	2.45822093023
25	2.21204508857
25.5	2.64908527132
26	2.24846540881
26.5	2.24846540881
27	2.28986623165
27.5	2.62624911032
28.0	2.62624911032
28.5	1.45129964747
29.0	1.45129964747
29.5	2.06072409488
30	2.19494539782
30.5	2.34333114754
31.0	2.34333114754
31.5	3.04503508772
32	3.11708108108
32.5	3.16447599165
33	3.31389928058
33.5	3.40848041775
34.0	4.34171428571
34.5	4.18550318471
35	3.31616385542
35.5	3.33515180723
36	3.89192814371
36.5	3.89914975845
37	4.08915606936
37.5	4.18458715596
38	3.25862956522
38.5	3.41572277228
39	3.91310344828
39.5	3.88925842697
40	2.76542372881
40.5	2.76542372881
41.0	2.76542372881
41.5	2.4091744186
42	3.47361584158
42.5	3.48592207792
43	3.32765853659
43.5	3.27285572139
44.0	3.27285572139
44.5	2.75340685544
45	3.18013953488
45.5	3.37901123596
46	2.75235523979
46.5	2.22255172414
47.0	2.22255172414
47.5	1.90815636822
48	2.61647761194
48.5	2.61647761194
49	2.62538255034
49.5	2.68959392789
50	2.97156420233
50.5	3.02497560976
51	2.78142322097
51.5	2.78142322097
52	2.72299173554
52.5	2.55433451957
53	3.55762162162
53.5	3.9582832618
54	2.56353246753
54.5	2.56353246753
55	2.82136434109
55.5	3.38034526316
56	3.38405714286
56.5	3.22026470588
57.0	3.22026470588
57.5	2.74146374368
58	3.26707053942
58.5	3.30483887468
59	3.39845378151
59.5	3.37221247113
60	2.77040480962
60.5	2.77040480962
61	2.81406988353
61.5	2.97333333333
62	3.48706122449
62.5	3.88593478261
63	4.11128690808
63.5	4.11685333333
64.0	4.11685333333
64.5	4.11685333333
65	1.26777265745
65.5	1.26777265745
66	1.87594666667
66.5	2.09594134897
67.0	2.09594134897
67.5	1.85138133333
68.0	1.85138133333
68.5	1.85138133333
69.0	1.85138133333
69.5	0.76888
70.0	0.76888
70.5	0.76888
71	1.00649667995
71.5	2.81445213849
72	3.02888167053
72.5	3.06973839662
73	3.17528358209
73.5	3.17528358209
74	2.61281908549
74.5	2.61281908549
75	1.05214678899
75.5	1.05214678899
76	1.53107079646
76.5	1.53107079646
77.0	1.53107079646
77.5	1.30512449799
78.0	1.30512449799
78.5	1.30512449799
79.0	1.30512449799
79.5	1.30512449799
80	0.672603333333
80.5	0.672603333333
81.0	0.672603333333
81.5	0.672603333333
82	0.738053208138
82.5	1.72451572327
83	0.742866449511
83.5	0.742866449511
84.0	0.742866449511
84.5	0.742866449511
85.0	0.742866449511
85.5	0.742866449511
86.0	0.742866449511
86.5	0.742866449511
87.0	0.742866449511
87.5	0.742866449511
88.0	0.742866449511
88.5	0.742866449511
89.0	0.742866449511
89.5	0.305712514276
90.0	0.305712514276
90.5	0.305712514276
91.0	0.305712514276
91.5	0.305712514276
92.0	0.305712514276
92.5	0.305712514276
93.0	0.305712514276
93.5	0.350597560976
94.0	0.350597560976
94.5	0.350597560976
95.0	0.350597560976
95.5	0.350597560976
96.0	0.350597560976
96.5	0.350597560976
97.0	0.350597560976
97.5	0.350597560976
98.0	0.350597560976
98.5	0.312948663555
99.0	0.312948663555
99.5	0.312948663555
100	0.356979827089
100.5	0.356979827089
101	0.495198855508
101.5	0.495198855508
102.0	0.495198855508
102.5	0.440972972973
103.0	0.440972972973
103.5	0.440972972973
104.0	0.440972972973
104.5	0.440972972973
105.0	0.440972972973
105.5	0.440972972973
106.0	0.440972972973
106.5	0.440972972973
107.0	0.440972972973
107.5	0.440972972973
108.0	0.440972972973
108.5	0.440972972973
109	0.481554909936
109.5	0.481554909936
110.0	0.481554909936
110.5	1.20811019284
111.0	1.20811019284
111.5	1.31576470588
112.0	1.31576470588
112.5	1.24692155369
113.0	1.24692155369
113.5	1.57190919952
114.0	1.57190919952
114.5	1.57190919952
115	1.67805267938
115.5	1.90586759582
116	2.03541116751
116.5	2.03541116751
117	2.06335019973
117.5	2.06335019973
118	2.04615873016
118.5	2.10747632312
119.0	2.10747632312
119.5	2.10747632312
120	1.1620530303
120.5	1.1620530303
121	1.70635550709
121.5	1.70635550709
122	1.37346511628
122.5	1.37346511628
123	1.29002027027
123.5	1.29002027027
124	1.74928067701
124.5	1.74928067701
125	2.02907103825
125.5	2.14297235772
126.0	2.14297235772
126.5	1.56376470588
127.0	1.56376470588
127.5	1.59796054628
128.0	1.59796054628
128.5	1.59796054628
129	0.996494043887
129.5	0.996494043887
130.0	0.996494043887
130.5	0.642703832753
131.0	0.642703832753
131.5	1.29155070883
132.0	1.29155070883
132.5	1.29155070883
133.0	1.29155070883
133.5	0.753142265908
134.0	0.753142265908
134.5	0.753142265908
135	1.06688637874
135.5	1.06688637874
136.0	1.06688637874
136.5	1.27015549598
137.0	1.27015549598
137.5	1.44191641182
138	1.35590092879
138.5	1.35590092879
139.0	1.35590092879
139.5	1.35590092879
140	0.95854245283
140.5	0.95854245283
141.0	0.95854245283
141.5	1.00301146497
142.0	1.00301146497
142.5	1.00301146497
143	1.11108512468
143.5	1.11108512468
144	1.26511783107
144.5	1.26511783107
145.0	1.26511783107
145.5	1.24907442258
146.0	1.24907442258
146.5	1.28958208955
147.0	1.28958208955
147.5	1.28958208955
148	1.24908124077
148.5	1.9402259887
149.0	1.9402259887
149.5	1.44495560254
150.0	1.44495560254
150.5	1.44495560254
151.0	1.44495560254
151.5	0.924983182406
152.0	0.924983182406
152.5	0.924983182406
153.0	0.924983182406
153.5	0.611096212451
154.0	0.611096212451
154.5	0.611096212451
155.0	0.611096212451
155.5	0.611096212451
156.0	0.611096212451
156.5	0.546648888889
157.0	0.546648888889
157.5	1.28384199584
158.0	1.28384199584
158.5	1.28384199584
159.0	1.28384199584
159.5	1.28384199584
160.0	1.28384199584
160.5	0.644026531409
161.0	0.644026531409
161.5	0.644026531409
162.0	0.644026531409
162.5	0.645098578634
163.0	0.645098578634
163.5	0.645098578634
164.0	0.645098578634
164.5	0.645098578634
165	0.67649408424
165.5	0.67649408424
166.0	0.67649408424
166.5	0.67649408424
167.0	0.67649408424
167.5	0.560571659265
168.0	0.560571659265
168.5	0.560571659265
169.0	0.560571659265
169.5	0.560571659265
170	0.53559752322
170.5	0.53559752322
171.0	0.53559752322
171.5	0.53559752322
172.0	0.53559752322
172.5	0.53559752322
173	0.570487015431
173.5	0.570487015431
174.0	0.570487015431
174.5	0.570487015431
175	0.657106990014
175.5	0.657106990014
176.0	0.657106990014
176.5	0.865108018555
177.0	0.865108018555
177.5	0.865108018555
178.0	0.865108018555
178.5	0.823927519819
179.0	0.823927519819
179.5	0.823927519819
180	1.03273786408
180.5	1.03273786408
181.0	1.03273786408
181.5	1.00785889571
182.0	1.00785889571
182.5	1.15163849372
183.0	1.15163849372
183.5	1.15163849372
184.0	1.15163849372
184.5	0.895849838188
185.0	0.895849838188
185.5	1.07518941274
186.0	1.07518941274
186.5	1.07518941274
187.0	1.07518941274
187.5	0.826124872057
188.0	0.826124872057
188.5	0.826124872057
189.0	0.826124872057
189.5	0.738438413361
190.0	0.738438413361
190.5	0.738438413361
191	1.07951968504
191.5	1.15473417722
192.0	1.15473417722
192.5	1.15473417722
193.0	1.15473417722
193.5	0.954514518594
194.0	0.954514518594
194.5	0.954514518594
195.0	0.954514518594
195.5	0.762825870647
196.0	0.762825870647
196.5	1.40231939163
197	1.12101357466
197.5	1.12101357466
198	0.470304347826
198.5	1.10616949153
199.0	1.10616949153
199.5	1.10616949153
200.0	1.10616949153
200.5	1.10616949153
201.0	1.10616949153
201.5	1.33562610798
202.0	1.33562610798
202.5	1.33562610798
203.0	1.33562610798
203.5	1.13981546459
204.0	1.13981546459
204.5	1.11723621228
205.0	1.11723621228
205.5	1.11723621228
206.0	1.11723621228
206.5	0.811704511651
207.0	0.811704511651
207.5	1.60254323995
208.0	1.60254323995
208.5	1.73967608286
209.0	1.73967608286
209.5	1.7788097561
210	1.53239235669
210.5	1.53239235669
211.0	1.53239235669
211.5	1.4334653099
212.0	1.4334653099
212.5	1.19175346687
213.0	1.19175346687
213.5	1.19175346687
214	1.53621116751
214.5	1.76311494253
215.0	1.76311494253
215.5	1.61645454545
216.0	1.61645454545
216.5	1.66951236749
217.0	1.66951236749
217.5	1.47288717454
218.0	1.47288717454
218.5	1.47288717454
219	1.29461377871
219.5	1.29461377871
220	1.37781076067
220.5	1.37781076067
221	1.82286030429
221.5	1.82286030429
222.0	1.82286030429
222.5	1.82286030429
223	0.695174818402
223.5	1.49158073654
224.0	1.49158073654
224.5	1.78585168539
225.0	1.78585168539
225.5	1.63524822695
226.0	1.63524822695
226.5	1.50107984791
227.0	1.50107984791
227.5	1.74559232614
228.0	1.74559232614
228.5	1.63676248726
229.0	1.63676248726
229.5	1.64312601156
230	1.91929443691
230.5	2.03227842227
231.0	2.03227842227
231.5	2.03227842227
232	1.31315670436
232.5	1.31315670436
233.0	1.31315670436
233.5	1.31336780651
234.0	1.31336780651
234.5	1.09600678541
235.0	1.09600678541
235.5	1.78681590574
236.0	1.78681590574
236.5	1.71180304807
237	1.61310618436
237.5	1.61310618436
238	2.01579976162
238.5	2.01579976162
239	2.33222410866
239.5	2.33222410866
240	1.35877534791
240.5	1.35877534791
241	1.48651143451
241.5	1.48651143451
242	1.54932450331
242.5	1.54932450331
243	1.66210810811
243.5	1.92376323988
244.0	1.92376323988
244.5	1.80397814208
245.0	1.80397814208
245.5	1.7587
246.0	1.7587
246.5	1.93952781547
247.0	1.93952781547
247.5	1.58689828571
248.0	1.58689828571
248.5	1.46919745223
249.0	1.46919745223
249.5	1.32036933798
250.0	1.32036933798
250.5	1.68523902439
251.0	1.68523902439
251.5	1.45049777778
252.0	1.45049777778
252.5	1.45049777778
253.0	1.45049777778
253.5	0.868690149254
254.0	0.868690149254
254.5	1.52115219612
255.0	1.52115219612
255.5	1.48670588235
256.0	1.48670588235
256.5	1.15163849372
257.0	1.15163849372
257.5	1.15163849372
258	1.44326173097
258.5	1.44326173097
259	1.17108468468
259.5	1.17108468468
260.0	1.17108468468
260.5	1.2398218126
261.0	1.2398218126
261.5	1.2398218126
262	1.02674020319
262.5	1.45270463576
263.0	1.45270463576
263.5	0.692139605463
264.0	0.692139605463
264.5	0.692139605463
265.0	0.692139605463
265.5	1.05620744081
266.0	1.05620744081
266.5	1.48381935484
267.0	1.48381935484
267.5	1.27615916955
268	1.11345617978
268.5	1.10943589744
269.0	1.10943589744
269.5	0.883139377537
270.0	0.883139377537
270.5	0.883139377537
271.0	0.883139377537
271.5	0.883139377537
272.0	0.883139377537
272.5	0.883139377537
273.0	0.883139377537
273.5	0.883139377537
274.0	0.883139377537
274.5	0.883139377537
275	1.17995898438
275.5	1.17995898438
276.0	1.17995898438
276.5	1.32992873389
277	1.61696385542
277.5	1.61696385542
278.0	1.61696385542
278.5	1.31081505204
279.0	1.31081505204
