0.0	1.82244042232
0.5	1.82244042232
1	2.31421635884
1.5	2.35452631579
2.0	2.35452631579
2.5	2.10438046272
3.0	2.10438046272
3.5	1.868875
4.0	1.868875
4.5	1.868875
5	1.68263752277
5.5	1.97111351351
6	2.26540112994
6.5	2.49931612903
7.0	2.49931612903
7.5	2.48697106109
8	2.44453634895
8.5	2.44453634895
9	2.4251541502
9.5	2.8501420765
10	2.2321511811
10.5	2.2321511811
11	1.84689721886
11.5	1.84689721886
12	1.94394984326
12.5	1.92393782383
13.0	1.92393782383
13.5	1.90177200577
14.0	1.9611147541
14.5	1.9611147541
15	1.94290774908
15.5	1.94290774908
16	1.41406405694
16.5	1.41406405694
17	1.04566893424
17.5	1.04566893424
18.0	1.04566893424
18.5	0.931094339623
19.0	0.931094339623
19.5	1.54546072187
20.0	1.54546072187
20.5	1.87796959064
21.0	1.87796959064
21.5	1.74179411765
22.0	1.74179411765
22.5	1.49684656085
23	1.47708600337
23.5	1.47708600337
24	1.60324260355
24.5	1.60324260355
25	1.63184248705
25.5	1.63184248705
26	1.74856833559
26.5	1.74856833559
27	1.77375438596
27.5	1.85300507614
28.0	1.85300507614
28.5	1.69623558282
29.0	1.69623558282
29.5	1.69623558282
30	1.60613105413
30.5	1.60613105413
31	1.09806554756
31.5	1.09806554756
32	1.51376301218
32.5	1.51376301218
33.0	1.51376301218
33.5	1.32042843952
34	1.65334275618
34.5	1.65334275618
35.0	1.65334275618
35.5	1.14770762053
36.0	1.14770762053
36.5	1.3337537797
37.0	1.3337537797
37.5	1.3337537797
38	1.55573986805
38.5	1.67894988067
39.0	1.67894988067
39.5	1.67894988067
40	1.13537092931
40.5	1.13537092931
41.0	1.13537092931
41.5	1.02098235294
42.0	1.02098235294
42.5	1.02098235294
43	1.20451174935
43.5	1.20451174935
44	1.20014568488
44.5	1.20014568488
45	1.49555844156
45.5	1.49555844156
46	1.7833989071
46.5	1.7833989071
47.0	1.7833989071
47.5	1.00695916955
48.0	1.00695916955
48.5	1.00695916955
49	1.22266666667
49.5	1.22266666667
50	1.05392782678
50.5	1.05392782678
51.0	1.05392782678
51.5	1.06270888031
52.0	1.06270888031
52.5	1.26170282589
53.0	1.26170282589
53.5	1.26170282589
54	1.13826970228
54.5	1.13826970228
55.0	1.13826970228
55.5	1.26906289308
56.0	1.26906289308
56.5	1.26906289308
57	0.873362962963
57.5	0.873362962963
58	1.017432282
58.5	1.14891687657
59.0	1.14891687657
59.5	1.14891687657
60.0	1.14891687657
60.5	0.993484623542
61.0	0.993484623542
61.5	0.993484623542
62.0	0.993484623542
62.5	0.927387096774
63.0	0.927387096774
63.5	1.40231939163
64	1.27048205128
64.5	1.24065949821
65	0.79396593674
65.5	0.79396593674
66.0	0.79396593674
66.5	0.79396593674
67.0	0.79396593674
67.5	0.79396593674
68.0	0.79396593674
68.5	0.79396593674
69	0.821363726462
69.5	0.821363726462
70.0	0.821363726462
70.5	0.821363726462
71.0	0.821363726462
71.5	0.659960872837
72.0	0.659960872837
72.5	1.71238277512
73.0	1.71238277512
73.5	1.71238277512
74.0	1.71238277512
74.5	1.71238277512
75.0	1.71238277512
75.5	0.507346761698
76.0	0.507346761698
76.5	0.507346761698
77.0	0.507346761698
77.5	0.507346761698
78.0	0.507346761698
78.5	0.507346761698
79.0	0.507346761698
79.5	0.507346761698
80	0.306116333178
80.5	0.306116333178
81.0	0.306116333178
81.5	0.306116333178
82.0	0.306116333178
82.5	0.306116333178
83.0	0.306116333178
83.5	0.306116333178
84	0.473727179487
84.5	0.473727179487
85.0	0.473727179487
85.5	0.473727179487
86	0.683302935665
86.5	0.683302935665
87.0	0.683302935665
87.5	0.683302935665
88.0	0.683302935665
88.5	0.683302935665
89	0.404617558022
89.5	0.404617558022
90.0	0.404617558022
90.5	0.404617558022
91.0	0.404617558022
91.5	0.404617558022
92.0	0.404617558022
92.5	0.448372685185
93.0	0.448372685185
93.5	0.448372685185
94.0	0.448372685185
94.5	0.448372685185
95.0	0.448372685185
95.5	0.501424959481
96.0	0.501424959481
96.5	0.501424959481
97	1.21150360288
97.5	1.21150360288
98.0	1.21150360288
98.5	1.0859539823
99.0	1.0859539823
99.5	1.41348509485
100.0	1.41348509485
100.5	1.61805479452
101.0	1.61805479452
101.5	1.50185250737
102.0	1.50185250737
102.5	1.14097516099
103.0	1.14097516099
103.5	1.14097516099
104	1.22851943755
104.5	1.22851943755
105	1.27459187621
105.5	1.27459187621
106.0	1.27459187621
106.5	1.35812298959
107	1.45852631579
107.5	1.45852631579
108.0	1.45852631579
108.5	1.39912676056
109	1.49720779221
109.5	1.49720779221
110	1.60917391304
110.5	1.60917391304
111	1.61399556541
111.5	1.61399556541
112	1.41968523431
112.5	1.41968523431
113.0	1.41968523431
113.5	1.25779115044
114.0	1.25779115044
114.5	1.25779115044
115.0	1.25779115044
115.5	0.754008528785
116.0	0.754008528785
116.5	0.95623580786
117.0	0.95623580786
117.5	1.64877079108
118.0	1.64877079108
118.5	1.53183657588
119.0	1.53183657588
119.5	1.53183657588
120	1.15684153984
120.5	1.15684153984
121	0.974496385542
121.5	0.974496385542
122.0	0.974496385542
122.5	0.974496385542
123	0.952490541422
123.5	0.952490541422
124	1.19072523686
124.5	1.19072523686
125	1.6516171875
125.5	1.6516171875
126	1.61230046948
126.5	1.61230046948
127	1.80810582011
127.5	2.14396401799
128.0	2.14396401799
128.5	1.9882266289
129.0	1.9882266289
129.5	1.95490331126
130	2.01477324633
130.5	2.01477324633
131	2.2037917223
131.5	2.2037917223
132	1.69717732207
132.5	1.814
133.0	1.814
133.5	1.85138133333
134.0	1.85138133333
134.5	1.98278510029
135	2.20638136827
135.5	2.20638136827
136	2.56857992565
136.5	2.44008971963
137	2.30961269841
137.5	2.30961269841
138	2.17085714286
138.5	1.94128212703
139.0	1.94128212703
139.5	1.90874895978
140.0	1.90874895978
140.5	1.89341723666
141	1.53471546635
141.5	1.53471546635
142	2.01277805486
142.5	2.01277805486
143	1.88898264352
143.5	1.69258024691
144	1.64071942446
144.5	1.64071942446
145.0	1.64071942446
145.5	1.64071942446
146.0	1.64071942446
146.5	0.841361472833
147.0	0.841361472833
147.5	0.841361472833
148	0.805106184364
148.5	0.805106184364
149	1.59830985915
149.5	1.70270790378
150	1.6483047619
150.5	1.73574468085
151.0	1.73574468085
151.5	1.73574468085
152.0	1.73574468085
152.5	1.49460054103
153.0	1.49460054103
153.5	1.49460054103
154	1.2748372093
154.5	1.2748372093
155	1.58591432792
155.5	1.58591432792
156	1.48566969147
156.5	1.48566969147
157.0	1.48566969147
157.5	1.13715471046
158.0	1.13715471046
158.5	1.13715471046
159.0	1.13715471046
159.5	0.908773241515
160.0	0.908773241515
160.5	0.908773241515
161	0.745209809264
161.5	0.745209809264
162.0	0.745209809264
162.5	0.745209809264
163	0.655904034896
163.5	0.655904034896
164.0	0.655904034896
164.5	0.655904034896
165	0.741778841551
165.5	0.741778841551
166.0	0.741778841551
166.5	0.741778841551
167.0	0.741778841551
167.5	0.741778841551
168.0	0.741778841551
168.5	0.741778841551
169.0	0.741778841551
169.5	0.346061744966
170.0	0.346061744966
170.5	0.346061744966
171.0	0.346061744966
171.5	0.346061744966
172.0	0.346061744966
172.5	0.346061744966
173.0	0.346061744966
173.5	0.346061744966
174.0	0.346061744966
174.5	0.346061744966
175	0.30035093291
175.5	0.30035093291
176.0	0.30035093291
176.5	0.30035093291
177.0	0.30035093291
177.5	0.30035093291
178	0.391428389155
178.5	0.391428389155
179.0	0.391428389155
179.5	0.391428389155
180.0	0.391428389155
180.5	0.391428389155
181.0	0.391428389155
181.5	0.391428389155
182.0	0.391428389155
182.5	0.391428389155
183.0	0.391428389155
183.5	0.391428389155
184	0.270153314917
184.5	0.270153314917
185.0	0.270153314917
185.5	0.270153314917
186.0	0.270153314917
186.5	0.270153314917
187.0	0.270153314917
187.5	0.445868512111
188.0	0.445868512111
188.5	0.445868512111
189.0	0.445868512111
189.5	0.445868512111
190.0	0.445868512111
190.5	0.445868512111
191.0	0.445868512111
191.5	0.445868512111
192.0	0.445868512111
192.5	0.330602597403
193.0	0.330602597403
193.5	0.330602597403
194.0	0.330602597403
194.5	0.528211243612
195.0	0.528211243612
195.5	0.528211243612
196.0	0.528211243612
196.5	0.528211243612
197.0	0.528211243612
197.5	0.528211243612
198.0	0.528211243612
198.5	0.528211243612
199.0	0.528211243612
199.5	0.528211243612
200	0.276023044044
200.5	0.276023044044
201.0	0.276023044044
201.5	1.00682047364
202.0	1.00682047364
202.5	1.58272987872
203.0	1.58272987872
203.5	1.74926245847
204.0	1.74926245847
204.5	1.74086308872
205	1.61520140105
205.5	1.61520140105
206	1.46941935484
206.5	2.11910334789
207.0	2.11910334789
207.5	2.11910334789
208	1.67605845511
208.5	1.67605845511
209	1.54489565217
209.5	1.54489565217
210.0	1.54489565217
210.5	1.54489565217
211	0.746842661035
211.5	0.746842661035
212.0	0.746842661035
212.5	0.579306878307
213.0	0.579306878307
213.5	0.579306878307
214.0	0.579306878307
214.5	0.579306878307
215.0	0.579306878307
215.5	0.579306878307
216.0	0.579306878307
216.5	0.579306878307
217	0.354026132404
217.5	0.354026132404
218.0	0.354026132404
218.5	0.354026132404
219.0	0.354026132404
219.5	0.64432405892
220.0	0.64432405892
220.5	0.64432405892
221	1.05657563369
221.5	1.05657563369
222	1.38025938567
222.5	1.38025938567
223	1.21175767635
223.5	1.21175767635
224.0	1.21175767635
224.5	1.28478810409
225.0	1.28478810409
225.5	1.28478810409
226	1.1552295082
226.5	1.1552295082
227	1.20181977253
227.5	1.20181977253
228.0	1.20181977253
228.5	1.20181977253
229	0.908861702128
229.5	0.908861702128
230	1.13674403816
230.5	1.13674403816
231.0	1.13674403816
231.5	1.16488630705
232.0	1.16488630705
232.5	1.43435568513
233.0	1.43435568513
233.5	1.64893991989
234.0	1.64893991989
234.5	1.756
235.0	1.756
235.5	1.77422446406
236	2.11142097489
236.5	2.11142097489
237	1.67900362757
237.5	1.67900362757
238	1.46608474576
238.5	1.46608474576
239	1.59221008403
239.5	1.59221008403
240	2.1796466877
240.5	1.88104899135
241.0	1.88104899135
241.5	1.61672888889
242.0	1.61672888889
242.5	1.61870434783
243.0	1.61870434783
243.5	1.66571356147
244.0	1.66571356147
244.5	2.05711210762
245	2.20396178344
245.5	2.20396178344
246	1.90044444444
246.5	1.90044444444
247	1.78173068433
247.5	1.77077346683
248.0	1.77077346683
248.5	1.82448
249.0	1.82448
249.5	1.82448
250	1.76266415804
250.5	1.76266415804
251	1.776
251.5	1.81903822441
252	1.82164705882
252.5	1.76604081633
253	1.5539047619
253.5	1.5539047619
254.0	1.5539047619
254.5	1.5539047619
255.0	1.5539047619
255.5	1.89646681922
256.0	1.89646681922
256.5	1.84844678609
257.0	1.84844678609
257.5	1.86724173913
258	2.10708880309
258.5	2.10708880309
259	1.92916129032
259.5	1.92916129032
260	1.96546382979
260.5	1.9926557377
261.0	1.9926557377
261.5	1.92776923077
262.0	1.92776923077
262.5	1.92776923077
263	1.00361139896
263.5	1.00361139896
264.0	1.00361139896
264.5	1.00361139896
265.0	1.00361139896
265.5	1.00361139896
266.0	1.00361139896
266.5	0.429693333333
267.0	0.429693333333
267.5	0.429693333333
268.0	0.429693333333
268.5	0.429693333333
269.0	0.429693333333
269.5	0.429693333333
270.0	0.429693333333
270.5	0.390293525922
271.0	0.390293525922
271.5	0.390293525922
272.0	0.390293525922
272.5	0.390293525922
273.0	0.390293525922
273.5	0.390293525922
274	0.409315543696
274.5	0.409315543696
275	1.26698623482
275.5	1.26698623482
276.0	1.26698623482
276.5	1.26698623482
277	0.784402877698
277.5	0.784402877698
278.0	0.784402877698
278.5	0.784402877698
279.0	0.784402877698
279.5	0.784402877698
280.0	0.784402877698
280.5	0.784402877698
281	0.391536529095
281.5	0.391536529095
282.0	0.391536529095
282.5	1.08984182777
283.0	1.08984182777
283.5	1.69166287016
284	1.88006847361
284.5	1.88006847361
285	2.05959253945
285.5	2.49539336493
286	2.31354876274
286.5	2.16497652582
287.0	2.16497652582
287.5	1.63133884298
288.0	1.63133884298
288.5	1.83353148615
289	2.02479697352
289.5	2.02479697352
290	2.07792982456
290.5	2.07792982456
291	1.84182291667
291.5	1.84182291667
292	0.799919634703
292.5	0.799919634703
293.0	0.799919634703
293.5	0.799919634703
294.0	0.799919634703
294.5	0.774875119161
295.0	0.774875119161
295.5	1.17517014925
296.0	1.17517014925
296.5	1.17517014925
297	0.94183090379
297.5	0.94183090379
298	1.42066510539
298.5	1.42066510539
299	2.25682843895
299.5	2.25682843895
300	1.60189107764
300.5	1.60189107764
301	1.77466526758
301.5	1.72572864322
302.0	1.72572864322
302.5	1.91984269663
303.0	1.91984269663
303.5	1.86687206266
304.0	1.86687206266
304.5	1.70350485437
305.0	1.70350485437
305.5	1.74462411348
306	2.05842666667
306.5	2.4026783115
307.0	2.4026783115
307.5	2.47704225352
308	2.49464572426
308.5	2.30653820598
309.0	2.30653820598
309.5	2.56768831169
310	2.54753613445
310.5	2.53094505495
311.0	2.53094505495
311.5	2.32286120996
312.0	2.32286120996
312.5	1.99322739726
313.0	1.99322739726
313.5	1.421
314	1.88828735632
314.5	1.88828735632
315	1.85974054054
315.5	1.85974054054
316	1.76541836735
