0.0	1.15053267744
0.5	1.15053267744
1.0	1.15053267744
1.5	1.26265642994
2.0	1.26265642994
2.5	1.26265642994
3	1.12999143731
3.5	1.12999143731
4.0	1.12999143731
4.5	0.92552284264
5.0	0.92552284264
5.5	0.92552284264
6.0	0.92552284264
6.5	0.92552284264
7	0.443230655859
7.5	0.443230655859
8.0	0.443230655859
8.5	0.443230655859
9.0	0.443230655859
9.5	0.714419548179
10.0	0.714419548179
10.5	0.714419548179
11	1.22867037331
11.5	1.22867037331
12.0	1.14720849128
12.5	1.14720849128
13.0	1.14720849128
13.5	1.26638596491
14.0	1.26638596491
14.5	1.32044556962
15.0	1.32044556962
15.5	1.32044556962
16	1.01825862069
16.5	1.01825862069
17.0	1.01825862069
17.5	1.08095116773
18.0	1.08095116773
18.5	1.08095116773
19	1.05642248722
19.5	1.05642248722
20.0	1.05642248722
20.5	1.08652523775
21.0	1.08652523775
21.5	1.08652523775
22	0.896549659864
22.5	0.896549659864
23.0	0.896549659864
23.5	1.11023665893
24.0	1.11023665893
24.5	1.01061036468
25.0	1.01061036468
25.5	1.01061036468
26.0	1.01061036468
26.5	0.784118401579
27.0	0.784118401579
27.5	0.784118401579
28.0	0.784118401579
28.5	0.462064128257
29.0	0.462064128257
29.5	0.462064128257
30.0	0.462064128257
30.5	0.462064128257
31	0.48839257732
31.5	0.48839257732
32.0	0.48839257732
32.5	0.48839257732
33	0.759824634656
33.5	0.759824634656
34.0	0.759824634656
34.5	1.16016184971
35.0	1.16016184971
35.5	1.16016184971
36	1.2862479638
36.5	1.2862479638
37.0	1.2862479638
37.5	1.08976887519
38	1.55303546099
38.5	1.55303546099
39.0	1.55303546099
39.5	1.22140345605
40.0	1.22140345605
40.5	1.33564715861
41.0	1.33564715861
41.5	1.44378994413
42.0	1.44378994413
42.5	1.23927272727
43.0	1.23927272727
43.5	1.23927272727
44	1.06815508413
44.5	1.06815508413
45.0	1.06815508413
45.5	1.14345078577
46.0	1.14345078577
46.5	1.14345078577
47	1.06838660771
47.5	1.06838660771
48.0	1.06838660771
48.5	1.06838660771
49	0.867770056854
49.5	0.867770056854
50	1.13438008299
50.5	1.13438008299
51	1.41726858276
51.5	1.41726858276
52	1.49966666667
52.5	1.49966666667
53.0	1.49966666667
53.5	1.49995121951
54.0	1.49995121951
54.5	1.36621238938
55.0	1.36621238938
55.5	1.30176656151
56.0	1.30176656151
56.5	1.30176656151
57	1.10784251969
57.5	1.10784251969
58	1.33967385192
58.5	1.33967385192
59.0	1.33967385192
59.5	1.29046096654
60.0	1.29046096654
60.5	1.230208
61.0	1.230208
61.5	1.230208
62	1.18328181109
62.5	1.18328181109
63	1.39444601413
63.5	1.39444601413
64	1.41742453855
64.5	1.41742453855
65.0	1.41742453855
65.5	1.11072977099
66.0	1.11072977099
66.5	1.2706552901
67.0	1.2706552901
67.5	1.2706552901
68	1.28721645446
68.5	1.28721645446
69	1.15744995795
69.5	1.15744995795
70.0	1.15744995795
70.5	1.2109256343
71.0	1.2109256343
71.5	1.28703366337
72.0	1.28703366337
72.5	1.28703366337
73	1.08776819407
73.5	1.08776819407
74.0	1.08776819407
74.5	1.13825261464
75.0	1.13825261464
75.5	1.06175411423
76	1.38218181818
76.5	1.38218181818
77.0	1.38218181818
77.5	1.30209312022
78.0	1.30209312022
78.5	1.20204878049
79.0	1.20204878049
79.5	1.20204878049
80.0	1.20204878049
80.5	1.20204878049
81.0	1.20204878049
81.5	1.20204878049
82	0.454339390206
82.5	0.878524822695
83.0	0.878524822695
83.5	0.704977596741
84.0	0.704977596741
