0.0	2.47471172555
0.5	2.47471172555
1	2.42289502762
1.5	2.67080597015
2.0	2.67080597015
2.5	2.71961461794
3	1.92916129032
3.5	1.92916129032
4.0	1.92916129032
4.5	1.82382625864
5	1.96403590664
5.5	2.44995519348
6.0	2.44995519348
6.5	2.52785644372
7	2.81253818182
7.5	2.36802503912
8.0	2.36802503912
8.5	1.94782222222
9.0	1.94782222222
9.5	1.97317528373
10	2.04533333333
10.5	2.04533333333
11	2.13321787709
11.5	2.27985294118
12	2.61492957746
12.5	2.61492957746
13	2.02446697389
13.5	2.02446697389
14	1.84991752577
14.5	1.85724162257
15.0	1.85724162257
15.5	2.13057372654
16	2.01371179039
16.5	1.99722091062
17.0	1.99722091062
17.5	2.17287164179
18	2.46267484663
18.5	2.46754166667
19.0	2.46754166667
19.5	2.40156196944
20	2.04652336449
20.5	2.04652336449
21	2.08421538462
21.5	2.17503867403
22	2.743507431
22.5	2.743507431
23	1.34805333333
23.5	1.34805333333
24	1.71986808009
24.5	1.71986808009
25	2.32732659933
25.5	2.47259649123
26.0	2.26306425041
26.5	2.26306425041
27	2.44969175627
27.5	2.60477959927
28.0	2.60477959927
28.5	1.61158208955
29.0	1.61158208955
29.5	2.07296629213
30	1.846122571
30.5	1.846122571
31	1.76162219851
31.5	1.76162219851
32	1.94331491713
32.5	2.13030104322
33.0	2.13030104322
33.5	1.78935051546
34.0	1.78935051546
34.5	1.81387155963
35.0	1.81387155963
35.5	1.87597029703
36	2.21813162119
36.5	2.47713092979
37.0	2.47713092979
37.5	1.94266488652
38.0	1.94266488652
38.5	1.81168856448
39	1.78809251701
39.5	1.78809251701
40	1.78960728218
40.5	1.78960728218
41	1.77219974392
41.5	1.79050137741
42.0	1.79050137741
42.5	3.61129306488
43	3.10273684211
43.5	1.67193902439
44	1.54094594595
44.5	1.54094594595
45.0	1.54094594595
45.5	1.54342009885
46	1.77371722365
46.5	1.77371722365
47	2.0348137931
47.5	2.1634
48	2.20486486486
48.5	2.20486486486
49.0	2.20486486486
49.5	2.45921661721
50.0	2.45921661721
50.5	1.77010696266
51.0	1.77010696266
51.5	1.66718012422
52.0	1.66718012422
52.5	1.70898538622
53.0	1.70898538622
53.5	1.41929665588
54.0	1.41929665588
54.5	1.41929665588
55	1.29379271709
55.5	1.29379271709
56.0	0.998145985401
56.5	0.998145985401
57.0	0.998145985401
57.5	0.885808541973
58.0	0.885808541973
58.5	1.72175111111
59.0	1.72175111111
59.5	1.72175111111
60	1.48454510557
60.5	1.48454510557
61	1.71366704417
61.5	1.55726903553
62.0	1.55726903553
62.5	2.07799203187
63.0	2.07799203187
63.5	1.83603108808
64.0	1.83603108808
64.5	1.94323664122
65	2.36687022901
65.5	2.36687022901
66	1.46188976378
66.5	1.46188976378
67	1.98184661654
67.5	1.98184661654
68	1.2737675244
68.5	1.2737675244
69	1.33636548223
69.5	1.33636548223
70.0	1.33636548223
70.5	1.15258013053
71	1.37244047619
71.5	1.37244047619
72	1.31594666667
72.5	1.31594666667
73.0	1.31594666667
73.5	1.31594666667
74	0.756665280665
74.5	0.756665280665
75.0	0.756665280665
75.5	0.756665280665
76.0	0.756665280665
76.5	0.776057999033
77.0	0.776057999033
77.5	1.32584328358
78.0	1.32584328358
78.5	1.29062043796
79.0	1.29062043796
79.5	1.20317582418
80.0	1.20317582418
80.5	1.20317582418
81	1.13288362369
81.5	1.13288362369
82.0	1.13288362369
82.5	1.13288362369
83.0	1.13288362369
83.5	0.637025889968
84.0	0.637025889968
84.5	0.637025889968
85.0	0.637025889968
85.5	0.670571873378
86.0	0.670571873378
86.5	1.39293685419
87.0	1.39293685419
87.5	1.39293685419
88	1.24163945578
88.5	1.24163945578
89.0	1.24163945578
89.5	1.08681761006
90.0	1.08681761006
90.5	1.08681761006
91	1.10467406924
91.5	1.10467406924
92.0	1.10467406924
92.5	0.907318361955
93.0	0.907318361955
93.5	0.907318361955
94	1.08143037975
94.5	1.08143037975
95	1.20069185558
95.5	1.20069185558
96.0	1.406501002
96.5	1.406501002
97.0	1.406501002
97.5	1.12239695817
98.0	1.12239695817
98.5	1.12239695817
99	0.963382215289
99.5	0.963382215289
100.0	0.963382215289
100.5	0.963382215289
101.0	0.963382215289
101.5	0.963382215289
102	0.612482374768
102.5	0.612482374768
103.0	0.612482374768
103.5	0.612482374768
104.0	0.612482374768
104.5	0.612482374768
105.0	0.612482374768
105.5	0.384835886214
106.0	0.384835886214
106.5	0.384835886214
107.0	0.384835886214
107.5	0.384835886214
108.0	0.384835886214
108.5	0.384835886214
109.0	0.384835886214
109.5	0.366897330595
110.0	0.366897330595
110.5	0.366897330595
111.0	0.366897330595
111.5	0.366897330595
112	0.575439701616
112.5	0.575439701616
113.0	0.575439701616
113.5	0.575439701616
114	0.822820451843
114.5	0.822820451843
115.0	0.822820451843
115.5	0.822820451843
116	0.840701053799
116.5	0.840701053799
117.0	0.840701053799
117.5	0.874617721519
118.0	0.874617721519
118.5	0.874617721519
119	0.912900699301
119.5	0.912900699301
120.0	0.912900699301
120.5	0.912900699301
121.0	0.912900699301
121.5	0.912900699301
122	0.471196891192
122.5	0.471196891192
123.0	0.471196891192
123.5	0.471196891192
124.0	0.471196891192
124.5	0.760964741952
125.0	0.760964741952
125.5	1.05902336825
126.0	1.05902336825
126.5	1.05902336825
127	1.17826027397
127.5	1.17826027397
128	1.37038415842
128.5	1.37038415842
129	1.27943307087
129.5	1.27943307087
130.0	1.27943307087
130.5	1.49329139685
131	1.81390769231
131.5	1.81390769231
132	1.66939421613
132.5	1.38218181818
133.0	1.38218181818
133.5	1.42813414634
134.0	1.42813414634
134.5	1.42813414634
135	1.197875
135.5	1.197875
136.0	1.197875
136.5	1.16069236821
137	0.77906918239
137.5	0.690906187625
138.0	0.690906187625
138.5	1.10243243243
139.0	1.10243243243
139.5	1.10243243243
140.0	1.10243243243
140.5	1.10243243243
141.0	1.10243243243
141.5	1.15991042687
142.0	1.15991042687
142.5	1.15991042687
143.0	1.04043653618
143.5	1.04043653618
144	1.25574736842
144.5	1.25574736842
145.0	1.25574736842
145.5	1.48297826087
146.0	1.48297826087
146.5	1.40865952891
147.0	1.40865952891
147.5	1.68417137648
148.0	1.68417137648
148.5	1.43943157895
149.0	1.43943157895
149.5	1.49991022444
150.0	1.49991022444
150.5	1.770944
151.0	1.770944
151.5	1.47886806883
152.0	1.47886806883
152.5	1.47886806883
153	1.19429202841
153.5	1.47846746988
154.0	1.47846746988
154.5	1.47846746988
155.0	1.47846746988
155.5	1.10347531735
156.0	1.10347531735
156.5	1.40060869565
157.0	1.40060869565
157.5	1.37850541516
158.0	1.37850541516
158.5	1.2865560166
159.0	1.2865560166
159.5	1.2865560166
160	1.4172519084
160.5	1.51660299194
161.0	1.51660299194
161.5	1.58098678414
162.0	1.58098678414
162.5	1.58098678414
163	1.09807716371
163.5	1.09807716371
164.0	1.09807716371
164.5	1.05819440746
165.0	1.05819440746
165.5	0.937276422764
166.0	0.937276422764
166.5	0.937276422764
167	0.864490510949
167.5	0.864490510949
168	1.32107441016
168.5	1.32107441016
169	1.79203571429
169.5	3.41659615385
170.0	3.41659615385
170.5	2.1018127786
171	1.26030503597
171.5	1.26030503597
172.0	1.26030503597
172.5	1.1044076087
173.0	1.1044076087
173.5	1.1044076087
174.0	1.1044076087
174.5	0.970855733662
175.0	0.970855733662
175.5	0.970855733662
176	0.847895013123
176.5	0.847895013123
177.0	0.847895013123
177.5	1.02817627119
178.0	1.02817627119
178.5	1.32501633394
179.0	1.32501633394
179.5	1.32501633394
180	1.18765635739
180.5	1.18765635739
181.0	1.18765635739
181.5	0.970313253012
182.0	0.970313253012
182.5	0.970313253012
183	1.12504504505
183.5	1.12504504505
184.0	1.12504504505
184.5	1.12504504505
185.0	1.12504504505
185.5	0.621330909091
186.0	0.621330909091
186.5	1.31556945722
187.0	1.31556945722
187.5	1.50287794433
188.0	1.50287794433
188.5	1.78903272727
189	1.75434090909
189.5	1.75434090909
190	1.79222584148
190.5	1.79222584148
191	2.11891566265
191.5	2.08372011662
192.0	2.08372011662
192.5	1.7335031211
193.0	1.7335031211
193.5	1.54635083799
194.0	1.54635083799
194.5	1.66752915292
195.0	1.66752915292
195.5	1.72521348315
196.0	1.72521348315
196.5	1.8106074896
197	1.87507216495
197.5	1.87507216495
198	2.03166166439
198.5	2.15804269294
199.0	2.15804269294
199.5	2.04488558692
200.0	2.04488558692
200.5	1.77903341902
201	2.30071504425
201.5	2.30071504425
202	2.29296590909
202.5	2.37390604027
203	2.58068705882
203.5	2.59159090909
204.0	2.59159090909
204.5	2.35687044025
205	1.89814580468
205.5	1.89814580468
206	1.85564779874
206.5	2.6223030303
207	2.64226720648
207.5	2.64226720648
208.0	2.64226720648
208.5	2.47389850746
209.0	2.47389850746
209.5	2.61427123696
210	2.8033002611
210.5	2.77023350254
211	2.71836363636
211.5	2.71836363636
212	2.47327443106
212.5	2.39380306346
213	2.94835294118
213.5	2.87490909091
214	2.6352572402
214.5	2.6352572402
215	2.37173667712
215.5	2.31097551789
216.0	2.31097551789
216.5	2.29769162996
217	2.2678656
217.5	2.68433040422
218	3.08517412935
218.5	3.08517412935
219	2.81836812144
219.5	2.76875630252
220	2.34564705882
220.5	2.63923809524
221	3.24368979592
221.5	3.05390728477
222	2.71640366972
222.5	2.84897064579
223.0	2.84897064579
223.5	3.04103030303
224	1.9550261348
224.5	1.9550261348
225	1.74847960445
225.5	1.64028464419
226.0	1.64028464419
226.5	1.64028464419
227	1.62894589178
227.5	2.2528297568
228	2.66981818182
228.5	2.79550230415
229	3.21622907489
229.5	3.28368646081
230.0	3.28368646081
230.5	3.39609638554
231	3.47767088608
231.5	3.5412642487
232.0	3.56265989848
232.5	3.55651084337
233	3.54901149425
233.5	3.4823628692
234.0	3.4823628692
234.5	3.60058438287
235	4.14488358209
235.5	4.19389090909
236	3.58341371158
236.5	3.60808355091
237	4.02916049383
237.5	4.01949171271
238	4.27933333333
238.5	4.36627242525
239	1.93559493671
239.5	1.93559493671
240	5.85542342342
240.5	5.86999272727
241	3.72328421053
241.5	3.59149606299
242.0	3.59149606299
242.5	2.69598848921
243	2.72179881657
243.5	2.76262172285
244	3.97866666667
244.5	4.05366459627
245.0	4.05366459627
245.5	4.05366459627
246	2.51138181818
246.5	2.92362666667
247	2.69088721805
247.5	2.69088721805
248	2.6492038835
248.5	3.17799033816
249.0	3.17799033816
249.5	3.17799033816
