0.0	0.707837141183
0.5	0.707837141183
1.0	0.707837141183
1.5	0.707837141183
2.0	0.707837141183
2.5	0.707837141183
3.0	0.707837141183
3.5	0.707837141183
4	0.573822701995
4.5	0.573822701995
5.0	0.573822701995
5.5	0.952674356699
6.0	0.952674356699
6.5	0.952674356699
7.0	0.952674356699
7.5	0.759020862309
8.0	0.759020862309
8.5	0.759020862309
9	0.835888182973
9.5	0.835888182973
10.0	0.835888182973
10.5	0.835888182973
11.0	0.835888182973
11.5	0.877272554606
12.0	0.877272554606
12.5	0.877272554606
13	0.798516788321
13.5	0.798516788321
14.0	0.798516788321
14.5	0.907185520362
15.0	0.907185520362
15.5	0.907185520362
16	0.860397556913
16.5	0.860397556913
17.0	0.860397556913
17.5	0.860397556913
18	0.820634482759
18.5	0.820634482759
19.0	0.820634482759
19.5	0.820634482759
20.0	0.820634482759
20.5	0.777179250128
21.0	0.777179250128
21.5	0.777179250128
22	0.824682795699
22.5	0.824682795699
23.0	0.824682795699
23.5	0.898752441126
24.0	0.898752441126
24.5	0.898752441126
25.0	0.960308943089
25.5	0.960308943089
26.0	0.960308943089
26.5	0.960308943089
27	0.840607594937
27.5	0.840607594937
28.0	0.840607594937
28.5	0.840607594937
29	0.760416922134
29.5	0.760416922134
30.0	0.760416922134
30.5	0.93237915882
31.0	0.93237915882
31.5	0.93237915882
32.0	0.93237915882
32.5	0.776164899882
33.0	0.776164899882
33.5	0.776164899882
34.0	0.776164899882
34.5	0.746120582121
35.0	0.746120582121
35.5	0.746120582121
36	0.765302325581
36.5	0.765302325581
37.0	0.765302325581
37.5	0.765302325581
38	0.839180570222
38.5	0.839180570222
39	0.836914700544
39.5	0.836914700544
40.0	0.836914700544
40.5	0.878599406528
41.0	0.878599406528
41.5	0.878599406528
42.0	0.878599406528
42.5	0.878599406528
43.0	0.878599406528
43.5	0.510994734995
44.0	0.510994734995
44.5	0.510994734995
45.0	0.510994734995
45.5	0.510994734995
46	0.661583848372
46.5	0.661583848372
47.0	0.661583848372
47.5	0.661583848372
48.0	0.661583848372
48.5	0.604039099023
49.0	0.604039099023
49.5	0.604039099023
50.0	0.604039099023
50.5	0.712963709677
51.0	0.712963709677
51.5	0.810279370953
52.0	0.810279370953
52.5	0.810279370953
53.0	0.810279370953
53.5	0.853379527559
54.0	0.853379527559
54.5	0.853379527559
55.0	0.853379527559
55.5	0.853379527559
56	0.64196004892
56.5	0.64196004892
57.0	0.64196004892
57.5	0.64196004892
58.0	0.64196004892
58.5	0.659618172537
59.0	0.659618172537
59.5	0.659618172537
60.0	0.659618172537
60.5	0.628300362506
61.0	0.628300362506
61.5	0.628300362506
62.0	0.628300362506
62.5	0.628300362506
63.0	0.628300362506
63.5	0.472393400194
64.0	0.472393400194
64.5	0.472393400194
65.0	0.472393400194
65.5	0.472393400194
66	0.566338385907
66.5	0.566338385907
67.0	0.566338385907
67.5	0.566338385907
68.0	0.566338385907
68.5	0.68361196443
69.0	0.68361196443
69.5	0.68361196443
70.0	0.68361196443
70.5	0.698008130081
71.0	0.698008130081
71.5	0.698008130081
72.0	0.698008130081
72.5	0.808833136095
73.0	0.808833136095
73.5	0.808833136095
74.0	0.808833136095
74.5	0.77972955289
75.0	0.77972955289
75.5	0.77972955289
76.0	0.77972955289
76.5	0.668104712042
77.0	0.668104712042
77.5	0.668104712042
78.0	0.668104712042
78.5	0.668104712042
79.0	0.668104712042
79.5	0.53283465704
80.0	0.53283465704
80.5	0.53283465704
81.0	0.53283465704
81.5	0.53283465704
82	0.478333075136
82.5	0.478333075136
83.0	0.478333075136
83.5	0.478333075136
84.0	0.478333075136
84.5	0.478333075136
85.0	0.478333075136
85.5	0.478333075136
86.0	0.478333075136
86.5	0.381739130435
87.0	0.381739130435
87.5	0.381739130435
88.0	0.381739130435
88.5	0.381739130435
89.0	0.381739130435
89.5	0.381739130435
90.0	0.381739130435
90.5	0.381739130435
91	0.32576059273
91.5	0.32576059273
92.0	0.32576059273
92.5	0.32576059273
93.0	0.32576059273
93.5	0.32576059273
94	0.474421506804
94.5	0.474421506804
95.0	0.474421506804
95.5	0.474421506804
96	0.728125852124
96.5	0.728125852124
97.0	0.728125852124
97.5	0.728125852124
98	0.879837253655
98.5	0.879837253655
99.0	0.879837253655
99.5	0.879837253655
100	0.7737539561
100.5	0.7737539561
101.0	0.7737539561
101.5	0.768146748193
102.0	0.768146748193
102.5	0.768146748193
103	1.08156420878
103.5	1.08156420878
104.0	1.08156420878
104.5	0.916859483302
105.0	0.916859483302
105.5	0.916859483302
106.0	0.916859483302
106.5	0.916859483302
107	0.631823504455
107.5	0.631823504455
108.0	0.631823504455
108.5	0.631823504455
109	0.752719358534
109.5	0.752719358534
110.0	0.752719358534
110.5	0.752719358534
111	0.723558359621
111.5	0.723558359621
112.0	0.723558359621
112.5	0.723558359621
113	0.67286728245
113.5	0.67286728245
114.0	0.67286728245
114.5	0.67286728245
115.0	0.67286728245
115.5	0.621072145246
116.0	0.621072145246
116.5	0.621072145246
117.0	0.621072145246
117.5	0.621072145246
118.0	0.621072145246
118.5	0.534519205298
119.0	0.534519205298
119.5	0.534519205298
120.0	0.534519205298
120.5	0.534519205298
121.0	0.534519205298
121.5	0.534519205298
122.0	0.534519205298
122.5	0.534519205298
123.0	0.534519205298
123.5	0.286001212856
124.0	0.286001212856
124.5	0.286001212856
125.0	0.286001212856
125.5	0.286001212856
126.0	0.286001212856
126.5	0.286001212856
127.0	0.286001212856
127.5	0.286001212856
128	0.254181228273
128.5	0.254181228273
129.0	0.254181228273
129.5	0.325103349964
130.0	0.325103349964
130.5	0.325103349964
131.0	0.325103349964
131.5	0.325103349964
132.0	0.325103349964
132.5	0.325103349964
133.0	0.325103349964
133.5	0.325103349964
134.0	0.325103349964
134.5	0.325103349964
135.0	0.325103349964
135.5	0.325103349964
136.0	0.325103349964
136.5	0.325103349964
137	0.263903098592
137.5	0.263903098592
138.0	0.263903098592
138.5	0.263903098592
139.0	0.263903098592
139.5	0.263903098592
140.0	0.263903098592
140.5	0.413406830437
141.0	0.413406830437
141.5	0.413406830437
142.0	0.413406830437
142.5	0.413406830437
143	0.618808724832
143.5	0.618808724832
144	0.583613663133
144.5	0.677385518591
145.0	0.677385518591
145.5	0.677385518591
146	0.466504646176
146.5	0.466504646176
147.0	0.466504646176
147.5	0.466504646176
148.0	0.466504646176
148.5	0.466504646176
149.0	0.466504646176
149.5	0.466504646176
150.0	0.466504646176
150.5	0.466504646176
151	0.586729911504
151.5	0.586729911504
152.0	0.586729911504
152.5	0.586729911504
153	1.10464483627
153.5	1.10464483627
154	1.11607484407
154.5	1.11607484407
155	1.32782481752
155.5	1.32782481752
156	1.44740154015
156.5	1.44740154015
157.0	1.44740154015
157.5	1.59407765315
158.0	1.59407765315
158.5	1.31803373494
159.0	1.31803373494
159.5	0.968541062802
160.0	0.968541062802
160.5	0.968541062802
161.0	0.968541062802
161.5	0.968541062802
162.0	0.968541062802
162.5	0.621570798235
163.0	0.621570798235
163.5	1.20007447634
164.0	1.20007447634
164.5	1.72146530148
165.0	1.72146530148
165.5	1.72146530148
166	1.01499421009
166.5	1.01499421009
167.0	1.01499421009
167.5	1.01499421009
168	0.813691107644
168.5	0.813691107644
169	1.24992592593
169.5	1.24992592593
170.0	1.24992592593
170.5	1.21800956938
171.0	1.21800956938
171.5	1.21800956938
172	1.08792982456
172.5	1.08792982456
173.0	1.08792982456
173.5	0.80546637744
174.0	0.80546637744
174.5	0.80546637744
175.0	0.80546637744
175.5	0.714324119241
176.0	0.714324119241
176.5	0.714324119241
177.0	0.714324119241
177.5	0.714324119241
178.0	0.714324119241
178.5	0.542530612245
179.0	0.542530612245
179.5	0.542530612245
180.0	0.542530612245
180.5	0.542530612245
181	0.434249896907
181.5	0.434249896907
182.0	0.434249896907
182.5	0.434249896907
183.0	0.434249896907
183.5	0.434249896907
184	0.571729496403
184.5	0.571729496403
185.0	0.571729496403
185.5	0.571729496403
186.0	0.571729496403
186.5	0.346982693755
187.0	0.346982693755
187.5	0.346982693755
188.0	0.346982693755
188.5	0.346982693755
189	0.510496551724
189.5	0.510496551724
190.0	0.510496551724
190.5	0.510496551724
191.0	0.510496551724
191.5	0.510496551724
192	0.525189033189
192.5	0.525189033189
193.0	0.525189033189
193.5	0.525189033189
194.0	0.525189033189
194.5	0.525189033189
195	0.546515997277
195.5	0.546515997277
196.0	0.546515997277
196.5	0.546515997277
197.0	0.546515997277
197.5	0.546515997277
198	0.471098442161
198.5	0.471098442161
199.0	0.471098442161
199.5	0.471098442161
200.0	0.471098442161
200.5	0.471098442161
201.0	0.471098442161
201.5	0.443006576887
202.0	0.443006576887
202.5	0.443006576887
203.0	0.443006576887
203.5	0.443006576887
204	0.363298216508
204.5	0.363298216508
205.0	0.363298216508
205.5	0.363298216508
206.0	0.363298216508
206.5	0.363298216508
207.0	0.363298216508
207.5	0.363298216508
208.0	0.363298216508
208.5	0.363298216508
209.0	0.363298216508
209.5	0.286970520741
210.0	0.286970520741
210.5	0.286970520741
211.0	0.286970520741
211.5	0.286970520741
212.0	0.286970520741
212.5	0.286970520741
213.0	0.286970520741
213.5	0.286970520741
214.0	0.286970520741
214.5	0.286970520741
215	0.303298921418
215.5	0.303298921418
216.0	0.303298921418
216.5	0.303298921418
217.0	0.303298921418
217.5	0.528503885481
218.0	0.528503885481
218.5	0.528503885481
219.0	0.528503885481
219.5	0.528503885481
220.0	0.528503885481
220.5	0.447033161385
221.0	0.447033161385
221.5	0.447033161385
222.0	0.447033161385
222.5	0.447033161385
223	0.61171679933
223.5	0.61171679933
224.0	0.61171679933
224.5	0.61171679933
225.0	0.61171679933
225.5	0.61171679933
226.0	0.61171679933
226.5	0.61171679933
227.0	0.61171679933
227.5	0.321495813953
228.0	0.321495813953
228.5	0.321495813953
229.0	0.321495813953
229.5	0.321495813953
230.0	0.321495813953
230.5	0.321495813953
231	0.482389047347
231.5	0.482389047347
232.0	0.482389047347
232.5	0.482389047347
233.0	0.482389047347
233.5	0.482389047347
234.0	0.482389047347
234.5	0.482389047347
235	0.384246153846
235.5	0.384246153846
236.0	0.384246153846
236.5	0.384246153846
237.0	0.384246153846
237.5	0.384246153846
238.0	0.384246153846
238.5	0.384246153846
239.0	0.384246153846
239.5	0.384246153846
240	0.264345000967
240.5	0.264345000967
241.0	0.264345000967
241.5	0.264345000967
242.0	0.264345000967
242.5	0.264345000967
243.0	0.264345000967
243.5	0.264345000967
244.0	0.264345000967
244.5	0.264345000967
245.0	0.264345000967
245.5	0.284186009539
246.0	0.284186009539
246.5	0.284186009539
247.0	0.284186009539
247.5	0.284186009539
248.0	0.284186009539
248.5	0.284186009539
249.0	0.284186009539
249.5	0.284186009539
250.0	0.284186009539
250.5	0.266607407407
251.0	0.266607407407
251.5	0.266607407407
252.0	0.266607407407
252.5	0.266607407407
253.0	0.266607407407
253.5	0.266607407407
254.0	0.266607407407
254.5	0.266607407407
255	0.35462566074
255.5	0.35462566074
256.0	0.35462566074
256.5	0.35462566074
257.0	0.35462566074
257.5	0.35462566074
258	0.448784883721
258.5	0.448784883721
259.0	0.448784883721
259.5	0.448784883721
260.0	0.448784883721
260.5	0.448784883721
261	0.559159891599
261.5	0.559159891599
262.0	0.559159891599
262.5	0.865289052891
263.0	0.865289052891
263.5	0.865289052891
264.0	0.865289052891
264.5	0.846318531676
265.0	0.846318531676
265.5	0.846318531676
266.0	0.846318531676
266.5	0.846318531676
267	0.56193282072
267.5	0.56193282072
268.0	0.56193282072
268.5	0.56193282072
269	0.687864811133
269.5	0.687864811133
270.0	0.687864811133
270.5	0.687864811133
271	0.997882817643
271.5	0.997882817643
272.0	0.997882817643
272.5	0.962993728223
273.0	0.962993728223
273.5	0.962993728223
274	0.876139597315
274.5	0.876139597315
275.0	0.876139597315
275.5	0.876139597315
276	0.787794260964
276.5	0.787794260964
277.0	0.787794260964
277.5	0.787794260964
278.0	0.787794260964
278.5	0.787794260964
279.0	0.787794260964
279.5	0.43127946713
280.0	0.43127946713
280.5	0.43127946713
281.0	0.43127946713
281.5	0.43127946713
282.0	0.43127946713
282.5	0.43127946713
283.0	0.43127946713
283.5	0.43127946713
284.0	0.43127946713
284.5	0.43127946713
285	0.242749907647
285.5	0.242749907647
286.0	0.242749907647
286.5	0.242749907647
287.0	0.242749907647
287.5	0.242749907647
288.0	0.242749907647
288.5	0.242749907647
289	0.3623507109
289.5	0.3623507109
290.0	0.3623507109
290.5	0.3623507109
291.0	0.3623507109
291.5	0.3623507109
292.0	0.3623507109
292.5	0.3623507109
293.0	0.3623507109
293.5	0.3623507109
294.0	0.3623507109
294.5	0.3623507109
295.0	0.3623507109
295.5	0.220501513462
296.0	0.220501513462
296.5	0.220501513462
297.0	0.220501513462
297.5	0.220501513462
298.0	0.220501513462
298.5	0.220501513462
299.0	0.220501513462
299.5	0.330512077295
300.0	0.330512077295
300.5	0.330512077295
301.0	0.330512077295
301.5	0.330512077295
302.0	0.330512077295
302.5	0.330512077295
303.0	0.330512077295
303.5	0.330512077295
304.0	0.330512077295
304.5	0.330512077295
305	0.301165671642
305.5	0.301165671642
306.0	0.301165671642
306.5	0.301165671642
307	0.807561643836
307.5	0.807561643836
308.0	0.807561643836
308.5	0.890976441917
309	0.684864864865
309.5	0.684864864865
310.0	0.684864864865
310.5	0.684864864865
311.0	0.684864864865
311.5	0.684864864865
